48.694317	29581.234954
36.934822	1353.935423
33.800556	1162.425323
35.649338	1451.288659
35.082092	1424.983254
34.790218	1173.088991
38.718174	1501.803376
36.255337	1116.600842
39.123013	1309.192950
37.599560	1251.718087
37.193325	1134.254865
38.789688	1490.506993
35.239330	1504.892536
34.958912	1044.393894
33.826191	1135.880590
41.188297	2455.350729
34.687263	1178.643399
33.781055	1272.360931
39.108429	1339.777771
37.388447	1442.469813
42.083145	1349.978358
41.878647	1470.999271
40.733215	1388.283480
39.817585	1305.995224
43.164005	1645.628961
36.530819	1491.899857
36.184341	1178.462188
41.336231	1330.920644
36.948486	1113.040559
36.929775	1173.266863
36.976833	1509.441274
37.584801	1476.410659
36.520016	1142.021600
36.295776	1265.364483
38.335617	1375.348412
38.940269	1201.534668
38.807198	1182.552585
40.209373	1519.160013
36.418747	1276.764809
38.644310	1205.222979
38.271389	1243.801876
40.715778	1345.972400
36.281700	1742.234986
36.007259	1395.032593
38.577217	1224.706119
40.263695	1851.957074
36.874149	1408.753876
37.359028	1738.377958
35.361145	1187.606246
34.240215	1490.801047
42.087566	2382.824321
82.792236	3722.444177
86.934967	4079.299316
85.910172	3044.771460
88.557816	3143.341935
65.279114	3209.113368
47.319523	1890.124209
76.404533	2941.980839
79.057777	3688.627978
76.885422	2728.256198
59.855881	2319.900188
68.481232	2501.635046
71.250580	2655.060239
71.931366	2466.519586
77.751289	3010.674362
58.655392	2500.323351
64.395050	2516.101739
76.346596	4154.041325
83.074638	2741.059850
82.111534	2345.550992
48.599113	1705.964617
50.420269	1919.422741
69.823936	2746.394044
66.482788	3068.281415
36.357113	1343.417641
36.929214	1603.012317
74.566666	2732.933436
73.075531	2713.160664
73.151215	2039.998475
74.005905	4308.622024
69.926346	2926.489121
66.455887	2516.567066
75.912354	4005.460741
68.312012	2584.817541
53.050125	1486.027663
49.783455	1775.883406
53.947250	2384.712997
46.918358	1623.656446
46.302200	1576.288455
34.730724	1184.124241
29.483871	1175.262469
30.487150	1114.996934
29.208542	1135.401304
32.091354	1145.843325
34.497124	1216.819873
37.047340	1437.161162
34.830257	1056.834710
37.895157	1932.763961
50.766293	1991.265594
74.906631	3006.168437
69.662521	3003.847573
74.634109	4153.829485
71.322571	2458.825251
69.673203	2849.449946
72.810165	4035.031008
74.497971	2756.151016
76.360596	3025.322063
80.453957	3144.345059
72.762848	2117.024430
80.106979	2817.508092
79.951714	3008.903783
50.448711	1876.368942
67.711777	2786.168946
62.295654	1881.906679
77.263344	3408.250296
74.304832	3168.062542
75.202194	2740.060500
66.355606	3712.419604
79.242462	3216.488578
69.593658	2247.980509
60.273003	1992.948960
45.660526	1608.732932
55.646332	1844.222819
53.507256	2008.896410
57.805702	2468.164594
54.374271	1787.912372
46.627563	1432.409665
44.665298	2222.805219
60.659382	2592.517672
57.365845	2047.922434
54.820896	2085.063148
66.898575	2166.506430
45.497643	1839.287667
62.419533	2111.430194
73.768448	3172.896976
70.915138	2346.173418
66.787796	2076.468680
46.976128	2315.967765
64.519226	2447.012480
61.581398	2173.398464
62.884228	2411.833351
78.220680	3007.302335
67.258247	2620.413247
69.222298	2701.666092
51.490150	1898.128637
55.974632	2319.570917
57.516392	2161.664874
60.035812	2439.065914
61.012005	2551.241867
49.022713	1808.658324
47.339527	2391.874018
65.383224	2511.504676
77.852798	2943.086048
64.652077	2736.066182
36.102093	4132.181786
32.682888	1042.108736
32.810268	1394.731864
35.740242	1282.632855
42.738255	1410.808082
38.508282	1285.479035
33.556705	1148.099498
36.601231	1306.524919
44.826439	1295.097509
40.456596	1472.846459
40.120377	1499.620985
42.298828	2048.756661
43.955566	1595.090826
57.590790	2105.117244
48.000309	2810.073020
35.219719	1060.687773
34.062584	1523.452627
35.740742	1164.671500
33.727730	1167.197537
34.850689	1256.572253
36.264648	1106.742762
36.313995	1268.496219
39.338932	1452.937770
37.594444	1351.726788
38.271343	1462.170583
35.740910	1177.111131
39.396793	1571.252154
38.085228	1541.284539
36.714401	1327.187930
35.699116	1252.740669
37.344326	1205.901700
36.667961	1576.661664
35.892788	1305.943009
35.646210	1534.603462
36.926823	1383.597231
37.995605	1530.487135
37.875343	1705.048026
39.785091	1785.294885
38.960396	1436.742020
38.643238	1523.422034
43.752995	1902.571623
44.110325	1810.850954
38.102486	1166.943425
38.394081	1628.015064
42.298668	1524.432894
38.341976	1519.884572
36.737118	1297.468984
40.353100	1735.007659
39.770374	1536.126211
37.617378	1255.132844
36.658562	1324.380720
37.164009	1410.029649
39.138996	1254.507363
36.044197	1383.155984
37.880585	1257.936845
41.695160	2114.174515
37.451160	1392.359224
39.021194	1526.139049
40.813393	1226.522946
39.423962	1532.644842
40.431206	1811.236335
34.805641	1116.289424
39.549004	1341.795839
37.200985	2314.206278
39.316647	1555.643731
44.183762	1446.140678
45.324539	1343.045192
41.989986	1495.468501
37.765846	1126.230318
39.099754	1304.346926
38.034348	1538.546609
37.842224	1267.985318
38.093922	1162.540482
39.059975	1416.164969
39.669193	1365.403388
38.029499	1179.039063
39.547512	1721.975475
36.758385	1215.636396
41.549835	1275.962455
41.155437	1350.823233
36.164440	1343.365659
41.814350	1927.251706
39.636524	2246.145876
37.261219	1477.525054
36.899204	1559.231726
35.172581	1233.209646
67.221390	2779.383476
84.065331	2684.387905
89.164139	2604.865869
82.807190	3134.343131
73.216187	3631.167667
45.006142	1478.429147
75.505920	2961.367902
77.493362	2844.943881
80.670212	2556.734539
68.900360	2367.574855
71.994209	2538.655868
70.433624	2815.567718
74.123466	2995.849510
80.548370	3593.357874
75.662766	2828.533126
62.023281	2048.188921
57.885361	2294.943999
68.987129	2281.132906
57.575668	2305.482941
49.261578	2362.013773
66.136101	3708.820226
67.859848	2230.435830
53.819073	2104.775171
44.170238	1889.976893
65.940521	2359.772907
63.684376	2873.809248
67.662689	2224.131894
55.622173	1638.364434
73.456650	3180.870906
77.484322	3024.653735
70.664658	2548.298006
76.767647	3011.479759
72.953094	2908.000751
70.605331	2800.056690
75.536346	2454.843756
69.828354	2455.964989
72.913124	3097.554371
71.141533	3144.368796
76.170471	2595.206796
63.398766	2044.133043
55.843914	2100.222737
53.750179	1835.919092
46.966045	1616.717674
47.668438	1669.231963
48.998566	1523.719615
49.619186	1723.565495
49.630436	1980.823061
39.105152	1349.509805
40.194336	1764.079198
58.599281	2289.442548
56.541981	1996.372627
70.391800	2488.673462
71.150566	2459.009836
60.048050	2153.556162
65.416435	2666.099414
71.172081	2168.969328
49.931290	2474.553534
30.701702	1166.304287
31.610855	1071.667153
33.929176	1080.493739
31.773657	1336.153619
42.315876	2018.298454
67.308777	2639.209731
68.988159	3114.508596
69.217155	2457.633188
77.449127	3245.550168
70.127914	2438.883706
72.994591	2527.478055
73.729324	2537.756495
72.941833	3172.733141
69.193077	2745.247956
70.646835	3157.987817
68.808220	3020.624220
75.707329	3378.708859
67.826271	2245.895020
74.159157	2696.456584
68.225136	2852.761114
73.858910	2511.794058
64.595528	2710.710559
50.494183	1801.831250
45.974140	1710.718052
40.021778	1829.289154
53.185139	2239.288283
59.188080	2078.666147
65.766502	2746.301923
69.611847	4551.199897
44.467583	2361.798869
35.633396	1149.253247
36.170315	1308.372304
32.514511	993.504104
32.281849	1198.729375
34.840637	1202.536900
39.432487	1788.456290
34.831230	1195.581325
35.229931	1368.619901
36.314869	1599.571021
41.082371	1347.317273
39.623890	2013.663566
39.449833	1735.316661
34.128380	1568.359118
35.198860	1007.930922
38.419834	1364.461567
40.517956	1395.301148
41.480591	1983.757970
45.176567	2206.208883
43.258492	1930.786964
48.730072	1622.861660
58.469353	2467.054849
76.400749	2684.607389
51.191051	3157.089494
33.344536	1161.260859
32.636536	915.367321
36.696239	1518.069552
40.294102	1582.801814
34.269032	958.767800
35.065521	1052.753635
35.662849	1178.121378
38.490829	1476.330705
35.261539	1461.133453
34.980911	1086.190267
37.283257	1356.187124
35.663910	1364.805658
34.553490	965.874851
33.222328	1012.601597
36.633701	1224.717615
36.378052	1451.046643
41.362278	1895.909292
43.839329	1842.781918
62.901009	2315.272472
79.165604	2825.898305
74.582909	3161.095773
66.824463	2202.180006
74.237465	2517.866926
56.143345	2028.181145
64.485664	1991.008874
70.752434	2952.194947
78.261131	3632.923771
75.904213	2518.942574
72.946815	2891.146789
59.575718	2594.053465
45.278606	1776.214864
52.811920	1992.257718
67.479012	3416.882803
71.437813	2889.553992
48.860260	2091.370696
72.869209	3021.771715
76.880371	3504.970246
73.396935	3568.169296
72.472725	3892.411720
59.494026	2516.727205
33.995522	1221.288247
38.840111	1403.340905
41.389362	1518.365573
53.832386	2483.539910
33.290627	1203.827630
37.875446	1212.011689
32.261688	1013.758758
38.783421	1181.384186
35.021366	1129.403707
32.104454	1111.521104
35.537453	1112.965170
34.723122	1280.011580
35.213501	1286.568497
36.739594	1404.624854
39.531342	1195.194022
37.121056	1511.892519
38.174698	1376.273510
39.419727	1260.969909
32.288460	1019.778569
36.071156	1342.373742
34.777424	1360.091729
34.311661	1048.906501
35.575829	1642.803038
34.640114	1259.866539
37.084469	1350.097766
35.643211	1477.089398
38.463398	1638.207033
38.509937	1420.655747
35.526443	1271.246096
40.265812	1429.452989
39.261818	1556.541817
40.674469	1530.923731
40.110863	1708.240266
43.783924	1687.867108
38.348286	1374.521372
39.111736	1398.090185
42.782413	1901.961396
47.945988	2948.633498
45.087521	2917.277157
37.055847	1680.076191
34.657677	1105.041189
40.066841	1203.979854
45.244724	1566.546486
44.743507	1640.286866
41.145164	1347.674795
38.168468	1388.829756
33.924107	1257.687617
34.886383	1086.237949
38.288849	1487.361993
36.034409	1276.459773
36.805550	1173.980280
37.417858	1295.225681
54.500801	3833.050313
75.012650	3818.059397
61.550159	1892.733722
72.931007	2601.575738
67.598244	3048.591577
67.322594	2790.039263
77.580032	2645.816854
75.916809	3041.976421
56.093807	3029.772341
64.850235	2880.055877
45.278236	2065.894961
73.995384	2632.387704
82.145500	3034.087599
61.565750	2619.665430
66.865349	2634.550916
60.495766	2144.186131
49.378967	1898.516932
48.082233	1643.325202
48.923740	1864.039103
53.709457	1765.609133
41.644173	1377.809978
56.322723	2452.321497
35.529682	1490.480441
36.033276	1197.958534
38.593895	1839.411119
33.833111	1079.772556
31.958868	1049.104406
35.656937	1326.242548
35.221207	1137.138501
33.695282	1168.180761
36.741154	1655.194727
44.764019	2225.878407
35.226360	1241.383914
44.602345	2007.036534
34.007133	1161.000312
33.023247	1039.619083
44.077137	2107.467420
54.638397	2366.410720
77.710167	2895.374907
43.463974	2322.238740
70.618034	3078.740404
61.896473	2330.843626
80.487671	2840.858070
73.485420	2750.001962
72.512421	2531.442844
62.680805	2163.576683
32.482288	1230.972551
32.489834	1019.428356
39.147484	2321.202847
40.713066	2376.855966
34.785976	1256.039248
33.268848	1130.564959
32.721680	1153.582517
41.385834	1554.310649
39.252884	1521.122338
37.632996	1262.441711
33.776661	1150.091016
38.848190	1252.260202
50.413437	1967.872636
43.105591	1806.077503
37.437695	1385.819356
35.132523	1394.210986
34.207375	1385.307412
35.985699	1114.508457
37.203773	1397.602826
40.140083	1797.057109
40.467625	1720.059911
36.557396	1413.298601
34.946930	1247.205575
34.808529	1326.806842
40.540165	1550.082251
37.288616	1617.839833
34.527508	1243.485113
35.116131	1200.786913
32.932045	1016.031749
34.614849	998.638448
37.405922	1409.313314
39.553608	1425.804834
34.623398	1130.275071
39.638004	1261.030051
37.408386	1169.571676
38.543591	1737.920290
39.721050	1441.980677
40.646114	1531.212772
35.674282	1205.568537
40.632820	1653.892011
35.209881	1213.467288
35.079910	1081.388081
39.541897	1284.742242
43.812866	1728.687016
37.364861	1392.512166
37.650856	1305.528085
37.127342	1299.313140
37.954147	1169.840330
37.976620	1428.658529
37.151249	1282.186248
37.311794	1958.988944
42.438770	1697.950453
33.670273	1070.761206
37.384312	1230.198086
36.491291	1155.344146
39.428177	1091.335932
39.434437	1780.912763
41.112740	1404.904435
41.447109	1592.927234
42.031631	1332.360654
35.703701	1067.445312
37.693558	1524.594542
37.952137	1469.592269
36.567535	1134.987985
33.730743	1123.757083
36.425091	1179.693362
41.098137	1641.488215
40.137482	1464.649339
35.747227	1339.680737
36.355385	1297.461102
34.410992	1160.498042
37.259758	1238.717670
38.455990	1752.922701
41.307873	1617.180982
39.107704	1122.959481
40.098698	1571.761453
38.908356	1287.420320
39.132595	1326.981486
35.447449	1100.187461
51.237514	2762.888905
76.303047	3054.380754
32.901180	1193.399310
43.018967	1348.154055
56.219643	1769.519983
41.095490	1639.158742
35.527637	986.767352
35.243511	1127.509820
38.552711	1217.382018
43.356876	2063.922174
36.263836	1528.433075
30.922941	1086.740466
36.202766	1914.868458
42.079739	1277.205181
34.648304	1433.674667
33.131065	1115.511771
35.309589	1335.181773
38.963310	1679.425386
36.259132	1533.077085
33.760010	1135.835640
37.561764	1731.264989
36.281231	1149.243971
35.772663	1103.842894
33.960548	1462.397071
37.178371	1197.701668
40.542084	1238.892210
35.419960	1112.765518
38.642551	1436.011085
37.169556	1417.977475
39.653954	1292.625245
37.182304	1223.982417
37.583149	1410.796189
36.084435	1143.734908
34.669735	1053.238094
35.735279	1233.897793
34.223629	1349.139093
34.553749	1316.744207
34.578442	1296.981089
33.905388	1460.120952
39.555023	1402.151874
38.718838	1461.340970
41.176052	1467.017114
33.615887	1097.977841
35.612122	1809.336986
43.043667	1660.848708
50.692875	1844.437646
44.359932	1945.768866
45.253971	2090.251272
44.495205	1703.943300
36.779518	1196.221490
37.306454	1346.541736
34.228275	1075.144067
34.546986	1523.392237
40.707146	1853.506299
43.753544	1376.421760
34.621174	1047.816694
37.562634	1530.504670
38.718559	1484.644145
37.034023	1426.020304
34.321434	1319.932868
36.832695	1464.877792
37.638313	1454.653552
36.522846	1473.563606
34.099590	1719.898480
32.763039	1117.617131
35.984642	1439.844884
37.628319	1514.576497
36.380169	1379.370241
36.892883	1683.964861
39.150284	1371.521055
43.080357	1636.147707
43.440464	1550.735028
38.971344	1563.724232
34.835106	1461.308099
35.068935	1419.742430
37.132645	1244.965924
35.631416	1291.791688
33.957394	1229.045717
35.399788	1222.162341
34.272839	1206.555215
34.634853	1121.459897
35.992493	1161.265173
39.417789	1260.918437
41.560604	1708.060445
39.218616	1502.556300
35.165024	1094.999747
35.925259	1151.378774
36.794590	1149.918116
38.225632	1292.035129
38.437851	1498.901232
36.077938	1131.783702
38.103378	1326.343774
35.770382	1031.677205
38.608128	1454.735159
36.053116	1090.287866
36.714329	1505.856991
38.487015	1355.840199
37.910690	1462.427229
39.038143	1322.836847
35.902004	1108.464688
43.611904	1578.604825
41.047108	1679.288352
38.585735	1486.522407
40.997375	2263.294618
36.731903	1132.840568
34.462219	1114.477089
38.149666	1292.922878
35.848019	1435.750697
38.159943	1138.638978
39.448566	1266.094159
36.023853	1401.815382
40.046516	1284.276052
40.242790	1776.786253
35.900169	1065.544234
36.776009	1258.487169
75.378799	3158.950398
61.684811	2991.393580
53.508343	2544.306433
84.734474	3391.002858
84.248764	5042.605853
63.507050	2660.858886
84.227859	3389.026763
59.615772	3148.248009
71.456917	2483.281668
74.369934	2438.738665
77.492508	3355.501362
79.390846	3209.988458
52.621380	1794.229772
47.708504	1980.740326
70.121750	3069.309993
66.011803	3992.086898
84.035080	3133.179031
83.416931	3359.054553
70.817932	2490.064037
72.247040	3007.107901
72.539429	4047.434838
34.576595	1105.175042
31.900681	985.890114
33.612122	1134.617558
33.802559	1127.634966
41.055344	1392.627670
33.785030	1193.667969
33.830448	1074.333444
34.853390	1507.819249
35.841812	1116.549906
39.277538	1464.947246
32.670319	1136.183332
51.452736	2118.240208
74.168358	2730.247012
74.385910	2673.455275
51.556709	2130.163500
53.416054	2017.228039
73.074844	3224.980222
76.132385	3345.718174
78.376816	2656.121511
70.655350	2617.624521
74.796844	3009.363491
59.330952	2168.448228
53.365540	2221.546168
42.671810	1958.196141
61.980083	2703.289225
74.836899	2621.308544
69.957153	2600.382156
74.298294	2659.920887
74.383575	2428.654017
77.845940	2792.550141
75.159538	2612.941916
74.210495	2843.417252
82.909401	3632.785191
63.301701	2621.261285
49.461349	1865.255084
37.238132	1808.947516
73.781349	3296.703534
70.237167	2621.970335
66.740585	2555.568792
73.025215	2936.508283
77.382149	2705.570111
39.654312	1312.871830
33.780346	1501.392062
32.894485	1159.922069
29.695827	1007.273161
31.333406	1044.581061
33.136063	1154.930739
34.433285	1460.386005
36.251011	1230.103949
35.862949	1187.900866
34.810860	1448.866800
39.198345	1732.781624
35.497921	1127.203384
37.707546	1657.121526
31.123096	1022.311515
31.191393	951.204105
36.974190	1249.087468
31.862650	990.637470
32.781643	1086.142824
34.274845	1020.296322
42.682362	1402.441204
58.415951	2407.798256
50.768475	2838.896883
57.550095	3123.995816
71.259338	3159.339484
71.425758	2709.904995
73.225014	2579.819588
74.936035	2570.933304
64.038773	2355.977970
68.091721	2265.531073
69.281136	2404.254761
63.215851	2511.474727
67.249107	2149.210211
69.280647	2377.509147
71.530800	3349.139928
55.646828	2583.318699
60.301060	2026.925766
33.534607	1215.622131
30.986538	993.530420
32.937664	975.682505
31.353626	1166.899099
32.343082	1003.642944
33.733574	1169.648709
32.327442	1064.646661
33.887554	1297.155009
33.202988	1145.464988
36.355118	1429.108377
37.212643	1026.681531
33.184662	1157.168556
34.216030	1322.109410
43.777195	2203.904951
61.515835	2460.687532
71.481201	3075.868870
72.951881	2836.301404
65.672653	2933.671143
73.391304	2572.300588
71.385933	2700.947694
71.939026	2260.615948
75.061333	2665.437353
61.614445	2972.357273
49.500008	1746.864376
67.573486	2711.631314
79.387169	4086.199829
65.650459	2250.014977
54.880718	1785.014187
45.493126	1460.145736
66.467560	2893.276137
69.576767	2609.576689
73.056328	2924.393145
52.831684	2092.478202
67.175629	3066.327397
74.546104	3042.546552
73.941498	3535.516967
71.280525	2919.166018
75.190498	2776.787150
53.113190	2078.491914
55.066486	2202.009378
73.685814	2801.216147
72.637619	2288.444207
71.338890	3009.666320
58.073509	3163.336991
72.542519	2288.857610
64.550781	2524.654359
71.480843	2870.594140
75.116982	3737.754305
61.693581	2609.240286
51.736343	2392.832365
54.407784	2110.484492
56.929810	2817.072757
69.798431	3156.215661
71.425201	2205.272419
66.577797	2153.538577
55.939140	1917.108716
64.035439	2100.040143
65.688484	2874.422460
71.241119	3878.265840
65.375839	2653.815782
52.927433	1509.860551
49.692684	2375.334188
49.041138	1542.073982
41.358654	1821.787210
49.791985	1868.382773
58.275692	1944.631577
62.298267	2264.372792
50.079853	1536.311615
38.712341	1394.072598
32.919830	1043.621906
30.987453	1013.323484
33.885563	1001.459528
41.588165	2035.390904
62.938911	2124.927649
66.581444	2452.020326
50.319092	2271.684708
53.601070	2172.538321
68.939560	4290.199817
70.250786	3780.228736
69.177719	2523.598294
72.899033	3141.674324
64.523384	2168.612981
40.911083	1631.454773
57.871929	2466.411327
68.197090	2212.494241
69.955048	3647.850112
72.625305	2776.079478
67.148186	3338.063610
66.009964	2775.759504
70.081421	3276.454128
69.979668	3264.068629
67.582169	2491.158448
73.218689	2520.944768
59.627331	2400.404112
49.170334	1937.054087
32.252125	1072.130604
33.126453	1058.695158
49.247986	2535.496577
65.917946	3028.979805
69.545715	2954.750968
67.132713	2439.570445
71.343269	2626.444425
64.945335	2941.456034
74.617599	2982.903990
66.027817	2462.248924
67.644417	3788.556710
63.790123	2215.930741
51.893093	1985.636608
47.761723	1554.518560
41.115025	1423.373275
55.562496	2530.671594
69.262390	3397.960553
63.029892	2577.657778
63.284473	2321.156629
69.642944	2290.479883
63.891644	2951.093501
62.438904	2327.628640
61.177551	2807.447863
65.554977	2673.116493
66.092972	2937.676161
53.145088	1446.775507
48.608105	1682.932030
42.262543	1569.201841
53.357864	2582.017474
59.548992	2262.287346
68.741356	3043.521732
69.865570	3117.042336
66.398804	2364.630134
36.366737	1257.695068
32.714447	988.493450
34.065166	1118.185002
31.210434	1509.982719
35.283546	1382.790439
38.153717	1344.138653
33.274651	1004.829068
33.166790	1131.794460
32.980995	1214.659867
32.084049	1129.536897
40.783012	1371.057613
36.668438	1321.095964
37.037964	1177.689497
37.598728	1333.873438
36.102013	1285.296665
37.417812	1221.006262
35.873135	1418.693558
34.553242	1126.193618
33.619263	1092.111139
33.679890	1195.288236
31.843990	1142.034049
34.261536	1378.481356
34.447296	1263.170769
38.122032	1088.190346
36.092312	1354.613500
33.894302	1130.844613
37.053764	1177.965580
33.578571	1185.497400
35.567772	1101.782144
36.353531	1120.542018
35.912403	1202.751768
36.880684	1419.425570
36.014561	1143.137897
36.691101	1124.383053
32.335815	1079.395576
35.089367	1183.327290
36.870003	1207.064202
37.768532	1181.668294
34.017139	1129.523164
36.957283	1224.647327
36.990871	1469.485806
36.315189	1180.577763
37.352337	1278.625150
38.813301	1768.731143
37.280434	1204.155551
34.712902	1137.229388
35.476650	1097.619191
36.129482	1315.705960
31.945360	978.001100
33.505466	1155.742892
34.453030	1181.126891
34.527721	1090.725633
34.263592	1214.451452
37.553867	1206.368841
36.115673	985.534418
33.830410	1319.273589
35.762253	1393.784462
41.022945	2517.667671
41.212002	2608.298400
33.146896	1096.244297
32.883278	1230.049461
35.847729	1827.583549
37.304489	1282.112283
38.060719	1366.005417
39.731651	1218.942000
39.608521	1434.176611
35.053787	1337.068883
33.577415	1146.141026
37.053432	1411.571188
37.686100	1482.579183
36.294899	1326.901085
33.358612	1181.689698
35.898540	1140.608323
34.148991	1292.051704
39.432343	1368.178337
37.836639	1220.191456
39.381241	1288.237020
33.521988	1075.751570
35.268398	1815.566319
34.319805	1215.204364
35.238445	1118.630374
41.078354	1584.978191
46.504074	1621.091399
34.314194	1087.758921
39.707664	1150.104230
38.038368	1361.427815
37.165150	1426.037676
33.822277	1287.086779
39.437317	1162.874377
37.528507	1220.658264
38.963024	1753.318160
38.722580	1424.054294
39.057976	1283.751217
38.080242	1489.185894
39.498173	1405.130949
36.067474	1144.046821
41.593079	1563.371983
38.071873	1751.328612
36.544567	1056.105560
35.941032	1260.406812
35.989483	1514.462831
34.705963	1124.000463
38.271721	1420.889238
39.857162	1414.438192
38.635807	1382.183860
36.096153	1036.077708
35.702515	1634.641459
32.300266	1178.513880
33.575516	1155.802496
34.641411	1201.273442
35.060684	1219.582170
34.614216	1462.474471
33.810513	1329.903585
35.853775	1274.872521
37.896927	1314.983458
36.740742	2136.402968
36.948208	1276.903248
39.102604	2716.637291
39.043568	2062.300546
41.952534	1513.483969
39.758869	1851.328722
39.785313	1301.074511
39.983845	1237.118491
41.430386	1442.358511
45.702625	1628.219952
40.104782	1600.416889
41.147743	1199.649731
39.707546	1544.869618
39.795792	1670.794747
41.723007	1476.993116
41.400143	1564.227139
44.709984	2211.893829
45.984196	2384.152868
46.386543	1658.858959
45.371395	1499.191918
44.797050	1635.498740
42.576561	1395.793103
43.204098	1281.496474
45.202168	2733.714570
46.387329	1693.094446
44.216373	1417.780387
45.610725	1527.016148
44.593731	1766.748313
46.179508	1500.777696
46.492626	1403.020690
45.674160	1670.589357
45.744865	2041.596881
42.691811	1454.154711
46.217083	1793.863079
44.550922	1996.874933
42.884232	1587.467633
43.726353	1270.866004
40.359329	1273.716011
35.440029	1245.793782
39.759174	1298.072287
34.484688	1137.879199
39.029724	1296.852361
36.008587	1094.253227
39.559078	1277.881410
40.859856	1333.136918
40.791119	1795.095357
36.535732	1085.118872
37.693222	1378.028396
37.387772	1322.669729
40.003471	1348.076276
40.780025	1230.601309
36.957817	1212.967967
38.268032	1662.373421
38.169575	1428.594173
37.503326	1312.529789
39.100578	1502.423679
35.048363	1124.368433
32.719372	896.035450
34.068241	1659.855141
37.090214	1326.667047
34.002110	1066.691468
36.658493	1280.627517
34.155674	1280.201148
39.213894	1573.123377
46.125526	2445.348439
43.524746	1722.588738
45.799774	5424.852156
37.909462	1389.320024
41.490795	1822.943323
37.030334	1373.027468
38.229939	1162.334025
39.484745	1571.561666
42.497482	1401.768748
39.394329	1526.508872
38.290363	1206.039666
43.360886	1754.395602
33.937954	1073.823886
35.988529	1144.237620
37.957500	1154.159242
34.876865	1347.949374
36.542305	1170.390024
39.929085	1457.205653
41.432156	1821.359574
45.815430	1513.675565
45.311810	1798.035306
43.616627	1764.569730
38.426998	1321.426094
36.871670	1275.812661
34.570408	1014.143339
36.952404	1308.255110
41.962311	1463.374637
43.059753	1624.747033
33.456470	1064.594599
35.018913	1127.408161
40.176529	1252.297336
38.649837	1326.071257
39.685394	1335.312346
60.270283	3331.271836
82.197586	3266.284503
70.420876	2820.546063
87.565941	3453.772101
75.883621	2824.059765
64.881172	2936.387429
50.366333	2135.129360
72.496040	2826.894166
75.625366	2859.236193
86.578804	3467.449901
64.814804	3061.059452
53.516148	2522.162780
66.512978	2423.015422
73.167534	3027.302398
63.840424	2581.524913
77.696861	3177.471791
80.794411	2740.275961
74.788055	3815.777133
70.321014	2429.136316
69.918518	3028.346692
76.853188	3087.164004
74.075165	3031.379283
71.361992	2569.723372
72.250854	3063.906260
72.754120	2316.350945
65.301918	3105.502867
52.211666	1858.386397
46.999557	1541.970098
48.451435	1941.039632
50.730141	2417.465025
45.954060	1808.397416
47.390068	1402.366805
51.640110	2563.008109
51.329002	1822.408381
52.034084	1693.907108
42.772957	1743.981074
50.084702	1630.770786
63.925655	2963.533604
54.327667	1796.387418
61.200214	2145.512958
71.398567	3358.506590
74.192749	2921.605318
72.003326	2704.536681
72.283287	2677.323500
57.480289	2974.516953
52.691742	2015.630026
69.534454	3256.068644
72.561073	2677.507769
42.913342	2436.127712
30.213882	1027.227457
30.653303	1152.037927
36.343880	1105.088238
37.704273	1483.655912
33.029922	1298.081402
31.451035	1001.019460
31.041174	1137.405879
30.211874	1039.320919
29.947994	912.187600
44.892441	6349.352280
40.808002	2311.838803
36.113327	1294.767910
35.032280	1254.361509
34.994713	1695.067244
35.483791	1374.896647
34.308231	1164.126619
34.834126	1186.289387
33.451424	1015.699605
31.508995	1081.441178
38.558441	1380.266992
34.882030	1257.421801
34.225658	1098.323045
38.577911	1316.990217
37.663910	1147.685655
37.362480	1518.297021
33.675140	1266.335136
37.044064	1603.978107
37.366577	1766.714535
44.062653	1670.245587
57.296909	3234.601945
63.134914	2683.030094
65.638603	2869.702210
60.045910	1878.293852
72.641663	2231.663160
76.629578	2441.504366
74.445007	2697.454924
70.096596	2720.958864
73.737869	2344.753082
80.612625	2446.957624
56.184345	2254.398472
69.056259	2715.805236
72.602776	3301.522708
70.770531	2409.043560
69.935272	3179.525695
82.522697	2740.185348
51.483921	2663.068861
31.207466	926.763049
31.512539	1054.109413
33.892414	1293.941210
56.047131	2079.624978
73.861839	2893.551164
60.511665	2757.611980
67.848000	4237.895917
47.665607	2325.675436
53.427654	1887.235681
74.472923	3050.669546
76.319397	2248.359296
70.858711	2692.436950
72.192070	2238.409328
63.612751	2148.210778
52.602299	1787.979657
58.493290	2224.078291
52.626274	2004.494251
52.187241	1636.406399
51.614979	1299.923195
53.866505	1880.896552
55.564770	2064.655529
41.242592	2008.582734
55.702282	1998.021031
64.995659	2583.339513
64.707947	2287.460932
70.155754	2588.570757
69.063347	3675.993390
71.437668	2196.868051
75.264938	3664.149359
73.411957	2927.603880
69.478699	2323.178399
75.395149	2960.192314
75.897690	2775.633344
73.849480	2675.479146
68.144295	2475.523711
82.437492	3646.643693
79.228539	2330.009300
71.431572	2941.027500
68.084923	2007.878191
59.252277	2009.043832
68.592178	2869.197808
75.477013	2734.961146
75.745712	3738.178939
62.909176	2138.822548
43.512554	2381.342255
31.913429	952.844708
34.905209	1306.623953
37.088272	2039.597903
33.473911	1048.365816
32.535301	1189.661256
30.832859	1064.079694
38.033123	1269.032862
35.869553	1322.170014
35.176872	1265.116187
35.691803	1287.167750
36.310646	1248.739264
42.373611	1787.037279
55.269257	2526.743920
64.704353	2130.509433
62.179916	2738.409323
63.746796	2865.356435
72.277115	2546.956603
71.525902	2580.551333
70.635773	2557.716543
74.539619	2878.121339
62.002522	2376.591284
77.554489	2849.416791
65.164040	3321.374676
76.980621	3150.919560
70.919228	2954.447952
74.058693	2657.191154
66.299248	2234.796053
45.664730	2015.354494
44.000874	1979.869811
64.391861	2465.817423
64.160400	2339.191722
75.789185	3248.094823
67.742050	2552.050574
68.002991	3028.505400
71.914581	2486.846950
63.234413	2123.814057
63.803394	2460.466818
63.542156	2275.618880
69.372505	3365.131562
38.279716	2104.066737
33.488354	1243.422584
29.626842	905.144423
31.415825	1095.803675
34.004089	985.880295
38.203991	1376.706241
39.730915	1322.672582
34.390079	1243.170837
32.656208	1035.824161
31.946007	1030.244658
31.819817	1191.085948
33.862782	1018.578370
35.962250	1207.022879
35.015785	1465.757489
37.920471	1379.482056
35.891171	1367.719132
33.324165	1462.668130
34.371891	1104.516015
40.921726	1298.394538
39.980183	1484.479707
37.118786	1259.278115
35.417786	1486.133344
33.561466	1086.773558
36.919842	1558.484641
36.643139	1406.403568
41.819172	2616.216567
39.363140	1320.700107
40.460251	1400.038811
37.686481	1231.444441
38.142326	1208.532470
35.568890	1439.456530
38.496880	1695.249877
44.401691	2271.530611
35.779716	1197.288023
34.662880	1119.079996
39.061089	1212.527578
35.400444	1537.306820
37.760971	1977.338629
39.800014	1713.089419
37.897945	1116.859704
36.252922	1249.963122
37.651131	1330.784812
36.117813	1516.811609
38.326576	1255.153932
36.784737	1372.617720
35.668030	1351.458292
38.316841	1336.860185
39.034546	1492.545773
35.364403	1385.038381
36.077991	1476.413761
33.943352	1154.485386
36.587521	1131.415173
41.302471	1642.243940
42.906384	1776.672215
37.992050	1427.866386
37.742870	1191.269763
37.411823	1108.595509
40.771118	1687.664371
34.069546	1351.567182
38.935162	1731.466081
39.560143	1235.634346
45.869606	2685.092158
42.082821	1806.398869
37.935925	1294.325846
43.738243	1685.576769
47.818726	2302.438301
41.432419	1356.362874
34.019753	1266.675387
42.569286	1482.663011
45.555954	1690.059886
78.701088	36697.686575
38.251888	1403.823944
46.283649	1488.853494
44.861961	1594.906875
42.203629	1898.365107
42.733437	1432.158175
42.096970	1369.528842
33.945820	1474.979615
36.648052	1583.219786
36.008736	1273.207508
35.399216	1218.777424
36.293060	1268.795041
37.282860	1117.438379
33.642441	1014.520369
33.760677	1031.908628
38.102375	1185.424099
36.384537	1145.643041
36.528030	1294.371627
38.414913	1319.707824
38.241383	1289.055426
38.724098	1230.304449
39.331635	1344.840100
38.481163	1581.762270
39.684334	1617.481344
38.577496	1287.870678
35.461178	1164.022278
35.847427	1088.188344
38.043545	1380.134217
44.500057	1475.935284
40.811687	1216.213041
39.285774	1375.089113
36.278534	1163.428119
36.984451	1127.493018
37.251949	1310.796007
40.351849	1585.415681
34.299530	1199.584774
37.395695	1373.934695
36.306889	1541.076402
36.534592	1461.292265
37.076077	1431.813926
43.339958	1745.403145
44.361115	1959.973850
37.738277	1181.006848
35.985695	1421.185147
35.678139	1234.956390
37.812740	1379.192128
36.279118	1165.630178
38.696541	1272.438749
35.707306	1331.022406
38.646404	1307.736734
36.190220	1582.855487
39.324257	1452.874616
35.640377	1069.243582
35.592182	1092.058012
37.297215	1311.322339
39.303883	1223.131526
40.615463	1492.769905
40.950058	1286.462769
39.265945	1599.427196
41.975349	1463.224816
40.410706	1569.393762
40.849102	1219.781273
42.770844	1528.916812
47.130066	1629.409587
36.998859	1387.377979
36.880585	1702.958908
38.690571	1324.283200
35.725941	1123.811920
33.832355	1276.363120
37.916706	1126.423694
38.977226	2037.702055
38.283443	1299.998895
38.056282	1081.779900
35.171616	1256.505061
35.050350	1238.387294
38.665665	1222.484726
38.931007	1469.980546
37.117443	1236.545088
37.019386	1403.111167
33.537380	1110.948757
36.675358	1488.806155
37.664574	1366.214773
37.518261	1174.633607
36.576187	1189.134294
39.046791	1488.997089
43.250404	1955.084177
42.370163	1479.833800
39.215492	1481.878365
38.742508	1793.118643
37.427601	1260.080807
38.994839	1499.891543
40.923504	1494.155320
42.398655	1615.911834
38.669685	1512.905017
41.181499	1590.733732
42.054436	1403.888431
39.465919	1256.557599
42.334793	1398.256566
37.918518	1230.796140
37.714821	1239.701229
37.019428	1297.999781
38.135632	1482.584025
41.140282	1378.096905
40.432205	1258.989415
41.855991	1281.404707
38.809887	1850.461515
39.699486	1203.266398
40.891743	1292.573503
36.414936	1300.989439
38.845932	1251.547789
37.695183	1302.072908
38.182270	1202.753298
34.775459	1224.570123
42.390266	1274.339396
42.200993	1317.346336
39.736710	1159.464021
40.529465	1455.873696
36.127232	1168.812686
41.104561	1390.213229
45.631069	1391.707635
39.735310	1345.623414
37.634384	1238.517314
40.583973	1570.553578
41.242493	2082.282870
41.567791	1700.719195
41.781261	1507.392853
37.315372	1248.067684
36.980305	1190.763930
36.228550	1205.243913
37.853096	1345.080118
35.051033	1396.617660
35.956940	1166.292527
37.583527	1541.070400
34.309895	1086.337589
37.862312	1556.421364
40.662903	1261.600907
41.967697	1652.172165
40.897167	1222.453019
40.229553	1336.435924
39.080448	1259.383390
38.980015	1304.846372
40.066727	1522.409462
37.737877	1366.620778
40.357582	1340.558899
41.148937	1367.101471
40.388802	1415.620326
39.314922	1171.908369
38.315556	1465.840203
34.690990	1050.576357
38.281960	1520.247490
31.831947	1085.219562
36.438442	1145.223567
35.475048	1325.166959
33.783249	983.148033
36.670071	1117.707678
40.401024	1439.331390
37.463863	1324.212916
40.867565	2814.555751
36.966862	1201.502821
40.389927	1579.872841
38.570114	1173.951746
67.260277	2539.361748
63.665806	2752.693889
80.687492	3449.435549
72.743393	4278.044718
73.205414	2512.305200
82.364487	3291.733899
60.328056	2836.215917
76.607460	2748.039502
78.650452	3559.810398
84.205849	4477.534696
84.416832	3211.368952
69.330765	2321.281800
74.658417	3009.820625
73.491058	2381.803361
80.341805	2540.299692
76.299408	2869.694121
74.638298	2621.973978
75.432121	3120.617450
81.487679	2619.634746
79.881905	3885.533268
81.692001	4069.317363
78.129852	2862.940623
77.719025	3178.132713
74.268623	3096.235035
73.228844	2523.381934
60.386402	2442.727832
51.196404	1941.476273
42.196011	1653.335469
48.529408	2029.288502
58.323734	2817.152002
66.705704	2413.198903
60.530933	2387.046014
37.690292	1166.138146
55.079330	2619.335999
73.929260	2766.273650
69.869537	3458.408190
77.878815	2974.276990
80.312675	2260.581291
73.485222	2651.354630
73.414047	2453.772501
73.618294	3216.323048
75.802589	2949.161984
80.170418	3249.475574
56.854404	2046.352186
63.971970	2295.558043
77.686607	3432.634809
71.868980	2570.539725
69.179977	2497.073671
71.999748	3134.705995
70.872940	2831.562988
70.186485	1939.709394
70.144325	3339.690500
73.718811	2936.758355
62.448143	2937.118011
36.145676	1676.562074
39.034966	1881.994325
61.452545	2398.068380
36.663162	2010.897027
35.959473	1153.785268
32.919544	1240.319171
36.940498	1406.370540
36.702606	1650.378815
33.947758	1266.046223
31.155697	1166.198429
35.612423	1118.669837
46.511292	2415.528010
61.848633	2179.431975
43.894188	1829.335126
70.385155	2605.598292
65.940170	3350.715032
68.067741	2429.719985
74.618301	2516.122598
68.451996	2740.311005
74.388992	2505.690218
69.435707	2987.976799
71.819031	2431.659110
69.445930	2910.048247
49.694584	2180.770606
37.398636	1833.719454
70.250565	2553.335506
66.307213	2367.076739
38.158550	1598.016044
31.376644	1089.970159
33.450264	1423.246350
31.646173	1060.174359
31.159567	1158.008000
33.138416	986.878051
35.530460	1585.915017
39.206711	1907.184247
31.866655	1231.689417
36.658436	1159.411994
34.811646	1544.906211
33.640198	1098.886754
33.749237	1164.820364
37.772358	1350.019026
38.732937	1172.400270
36.547581	1072.511586
41.130241	1268.718348
45.817966	1757.978979
40.515587	1448.733035
34.908375	1126.591652
31.559044	1407.274353
32.294357	1023.715762
34.633614	1420.395088
35.670143	1180.883947
32.507607	1138.099218
42.115620	2135.799414
36.284225	1510.922700
40.732670	2141.857215
39.561432	1584.330882
35.000011	1303.224741
32.112343	1072.631244
35.238747	1068.008595
35.236275	1180.183254
40.671349	1573.534553
40.686005	1263.932548
36.380390	1745.192988
40.040916	1529.801523
38.950928	1252.287155
35.609901	1121.752438
36.649727	1236.618399
37.023655	1393.155790
36.140366	1153.904626
34.782238	1353.927771
34.021763	1291.478916
34.157349	1161.029445
34.552723	1451.017707
38.659023	1285.210936
35.582760	1280.895396
36.987827	1321.221919
38.496723	1573.209172
37.323475	1050.300450
35.682644	1223.959876
31.416855	1007.967844
36.194420	1169.953517
38.743011	1230.570442
40.383301	1372.989054
36.944763	1226.729494
42.208523	1706.106013
69.002251	3138.578883
64.523941	3081.346642
79.803902	2576.918715
73.078590	3011.197829
86.089104	4648.277075
42.326801	1644.287558
63.385353	1763.297027
62.794743	2279.273975
72.068604	3121.773051
74.715042	2764.557832
73.421837	2478.822898
72.610092	2610.675563
63.660500	2634.779552
73.664093	2728.759733
77.730240	3455.652401
44.245506	1904.591704
58.749134	2395.816936
68.676979	2478.877086
75.189568	2322.027964
68.760529	2340.986665
66.892693	2366.403626
64.649590	2640.053551
66.139160	2690.778779
75.335472	3859.594317
80.474411	3756.509162
72.346626	2330.775205
61.586594	2343.472417
67.290863	2720.993468
73.561623	5091.120243
72.189545	2982.358688
56.811119	1648.868616
50.863049	2148.339152
49.885464	2451.531009
50.213135	1475.189001
50.447788	1794.588713
47.828045	1807.747162
49.245613	1387.098449
40.510704	1764.894678
43.288780	1774.879777
52.086143	2072.359765
55.130367	2262.172163
75.599762	3025.972523
67.077415	2939.954953
71.095024	2636.889868
79.173759	4521.828573
70.649902	2889.406993
72.711784	4321.392974
66.559265	2696.186403
68.988228	2945.196969
74.008537	3340.115860
70.055122	3546.263344
72.645256	2502.159412
72.179947	2287.297360
75.068214	2660.804120
72.647888	3288.598768
72.403069	2607.158198
66.172241	2838.925660
66.583778	2871.306109
71.720482	2914.286984
79.478477	3124.518190
74.157722	2441.449792
69.306938	2874.315295
71.197388	2842.560451
67.335098	2239.958682
65.599266	2694.677762
75.055229	2758.078765
78.175072	2700.904684
71.334610	2502.723252
62.601585	2557.372769
50.390984	2462.415600
34.775368	1240.223019
50.871880	2637.308342
64.635887	2453.917866
72.943748	2252.517394
73.543777	2417.273398
68.582779	2232.864942
69.715454	3352.955963
76.017914	2621.749256
60.767010	2381.203204
59.758934	1995.217793
63.019375	2660.325583
64.122078	2552.141984
62.766621	2794.939888
65.560219	2439.838370
64.015198	2143.575117
66.852455	1790.796588
75.044495	2286.194727
74.316574	3477.840277
53.814129	2225.686334
40.847942	2311.132278
58.000088	3796.900569
65.918343	2727.620233
65.300560	1998.978712
65.533821	3458.879143
72.280685	2392.061878
50.429291	2113.014960
58.934444	2812.335673
65.911552	2590.183476
59.303036	2168.975354
49.698799	1920.506010
56.868214	1922.338739
68.672646	2591.146240
71.176666	2677.253066
44.383095	2565.577904
43.928703	2156.577007
61.537998	1930.317198
58.952038	2077.266905
65.686401	3056.149794
62.792400	2170.383457
67.683311	2979.613327
54.492409	2389.961650
61.990444	2295.584189
66.545227	2311.615959
67.510559	2502.785840
51.455650	2151.385148
54.440979	1796.483653
64.421425	2420.756015
62.733555	2271.774257
51.295170	2661.277806
38.069572	1466.550008
42.321114	1492.018415
31.541637	1021.826398
32.059174	922.012903
35.318619	1308.091210
37.275066	1087.227089
37.814945	1486.211582
33.118622	1159.084828
34.554146	1234.563363
33.553379	1057.968807
33.747494	1257.517579
36.623222	1154.665485
33.964222	1069.384816
39.091984	1298.913249
46.992653	1882.672513
67.898087	2864.155409
59.254974	1966.623916
72.403702	3924.419445
51.793087	2313.481088
43.348343	1555.128379
64.669754	2925.010908
70.154526	2396.212823
63.357136	2427.529346
67.260368	2421.942662
65.814659	2540.229693
65.258163	2307.211094
69.168655	2859.936132
46.145515	1884.606913
38.504829	1330.456929
52.908005	2025.990499
58.487476	2882.537777
62.130745	1963.132665
68.223877	3373.639430
68.784004	2295.989945
59.228699	2075.745807
47.690647	1804.348518
43.148701	2074.804399
33.747555	966.128287
38.401474	1241.895039
32.983753	1344.785943
44.262043	1676.435692
39.950684	1666.433989
50.817097	1694.703363
68.859505	2461.474632
55.040501	1980.248103
66.796486	2404.792008
59.024914	2170.878650
58.644539	2371.505130
56.220440	2315.614532
72.488815	2390.705287
71.329056	2193.156844
57.539867	2012.862097
52.561905	1762.878391
48.734695	1836.541310
49.843876	1412.535104
50.926018	1537.016735
47.164890	2126.688531
49.676792	2288.802320
38.609623	1336.864309
36.303589	1274.246622
36.931770	1284.457761
40.484585	1853.114166
59.236526	2743.983460
39.436241	1997.242938
35.466797	1630.933964
33.781029	893.674836
39.385616	1761.187638
41.903870	2194.135320
57.985512	2435.571738
72.093147	2529.416909
75.151237	4531.099974
67.745499	2840.662560
65.796127	2440.810417
69.004616	2605.183025
69.900284	3208.802239
71.109856	2368.128634
59.472355	2458.895041
66.718338	2579.172793
50.561878	2096.941520
63.341877	2005.883837
67.883118	2367.251809
78.004066	4689.282677
71.169044	4296.340088
56.870255	2554.490352
65.011490	3162.407622
61.941338	2259.344483
66.210457	2642.291145
65.653488	2190.955637
75.851738	2742.533516
64.700951	2278.515200
66.905487	2635.932032
50.106033	3011.958604
53.318451	1959.071897
60.934349	2445.968633
63.900650	3065.261775
63.360619	3197.266944
73.527199	2214.153225
56.786621	3326.921728
63.963512	2212.648028
65.128723	2635.971531
69.264656	2734.334939
64.118980	2801.934438
71.576874	2479.634096
71.710564	3143.083139
65.224281	3354.972149
64.875908	1922.354810
66.183456	2413.521307
71.172050	3053.872324
58.334690	2434.691709
30.965298	1089.104583
32.052902	1432.164087
39.819653	1530.584688
69.059250	5074.240918
59.842457	2437.221323
61.376877	3007.526144
56.185062	2073.426274
62.561169	2303.040308
68.834816	3081.554418
66.040268	2813.919608
61.737926	2170.730514
57.493816	2744.446425
53.425430	1649.277474
52.773659	1647.954363
48.842022	1670.035151
41.069073	1351.014274
50.867855	1808.037805
56.877758	1931.538259
58.740601	2314.766910
54.342411	1986.685814
50.366764	1554.016825
49.246342	1910.005428
52.272385	1714.483836
56.369007	1948.646795
54.158611	1698.161676
58.139095	2551.816950
55.674530	1864.773793
54.895786	1835.902439
60.697182	2372.716706
53.225136	1481.269824
47.666676	1564.845522
51.971352	1699.086802
46.749371	1864.416153
51.356457	1537.697402
49.882580	1984.352715
47.739540	2062.048466
43.913071	1626.740637
46.202560	2049.651776
51.747734	1742.343429
42.480679	1686.315727
33.280853	1234.026152
50.436630	2551.754062
69.950806	2398.397388
61.036255	1866.549724
64.724670	2472.466322
71.420372	2532.537684
67.131668	2656.797010
66.541977	2965.108085
68.269630	3029.638264
75.445396	2471.174144
68.443329	3551.054064
61.646366	2118.584152
56.700390	3803.393677
69.074631	2419.118688
69.514626	2562.040736
70.640839	2417.510774
68.201462	2218.303576
62.092796	2257.284462
69.664070	2418.983092
67.028984	2284.999096
65.902687	2434.168121
70.731445	2651.898703
64.172623	2534.179741
57.764431	2134.005064
83.864204	5211.290940
52.025566	2068.532586
60.834557	2260.839191
61.617790	2907.232984
59.628925	2557.591527
64.277367	2457.339556
71.405090	2971.006120
65.711197	2091.044699
70.759956	2621.751059
69.965912	2043.622863
60.572285	2323.488876
55.298649	1939.332831
60.831783	2871.843534
68.472076	2752.976878
67.959511	3129.354675
61.663155	2018.218637
62.508778	2467.451543
62.094456	2200.546085
59.782368	2119.620046
64.477272	2400.105106
63.104218	2146.832056
90.467941	16483.289518
35.302597	1185.441019
50.132908	2529.050987
55.394825	2243.950257
34.469730	1036.169532
41.683083	1538.400620
56.330265	2717.428756
60.967609	2830.274552
48.829903	2873.980928
38.426846	1134.705909
37.766201	1164.094053
32.176781	1046.976343
32.039154	1024.118815
34.889027	1559.001098
36.565815	1315.253055
38.624977	1902.151142
41.859650	1383.861556
52.472343	1947.161598
38.110912	1324.512213
32.884739	1173.342797
30.830919	1007.907450
32.677242	1033.243692
42.119053	1450.533664
35.940811	1130.688888
35.147518	1343.692470
32.185024	1060.717642
33.771622	1124.400326
37.101021	1243.514938
34.006157	1237.225228
33.900242	1264.693224
32.314205	1079.883912
33.630795	1158.747485
31.927317	1349.728268
36.555637	1268.387888
35.651505	1100.275796
33.696712	1292.687122
41.443218	1746.992440
33.985374	1037.924112
31.183310	912.368355
34.029762	1079.851298
36.588257	1350.469173
36.167057	1219.624100
39.231438	1606.501724
39.416885	1317.367834
35.048561	1218.117609
40.549763	1485.560446
47.841560	1904.212205
48.175709	1726.636313
43.868660	1662.113012
37.225307	1629.449694
34.809315	1187.699206
36.154457	1444.027837
40.093788	1423.222149
36.976509	1202.180109
37.774117	1126.588795
38.651390	1620.403892
40.064129	1682.794022
38.941666	1270.640160
37.221680	1099.353476
43.296288	1530.512842
36.942513	1203.058109
51.036476	2272.348984
33.365673	1266.002706
33.919296	1232.536129
34.314289	1095.923988
37.898838	1500.682268
36.793636	1462.455150
38.767979	1672.314525
39.370850	1306.616522
37.332722	1123.187370
34.515900	1006.273468
36.664055	1338.194309
37.927376	1392.573289
38.624218	1309.259795
36.875153	1235.324028
38.442589	1268.524114
34.738033	1114.456619
43.045864	1762.523671
40.936577	1411.949521
37.501095	1118.123228
38.852196	1278.677380
38.142895	1114.399107
39.248238	1608.272314
44.522701	1679.633793
44.226524	1849.872964
42.364025	1655.322381
40.470238	1404.043355
45.449944	2120.917334
46.451694	2258.381438
53.682514	3248.596149
55.848858	3552.534441
50.179867	3427.150392
47.737743	2336.167008
45.464951	1735.243662
39.741943	1867.384367
38.771935	1370.720305
37.641617	1305.128746
38.699013	1310.470218
39.144173	1416.479600
38.703629	1250.990107
38.468334	1353.689078
37.713326	1470.372344
38.075611	1239.923710
40.601345	1465.958166
38.495689	1634.582867
40.825233	1276.200974
38.177521	1392.457279
40.223480	1338.769810
42.215755	1435.134875
38.918766	1364.955002
41.227257	2087.586163
37.594978	1236.825232
35.205086	1070.904647
32.355389	1115.476067
38.370949	1215.432143
37.121517	1198.908408
38.836868	1154.982863
39.488235	1285.415292
41.426411	1315.627490
42.148579	1247.349627
42.677753	1409.820641
43.128685	1508.501305
43.418064	1884.217879
39.310417	1156.142275
41.106472	1455.829838
45.010696	1714.138349
43.698097	1631.083600
45.194267	1943.097484
45.666878	1506.183285
46.088554	1771.588212
40.796314	1548.393377
40.071980	1348.096857
41.292221	1330.385011
47.899635	1854.618626
48.049751	1518.421981
50.575455	1586.859761
52.708714	2662.358795
46.877762	1523.791644
51.367607	1882.264786
48.793552	1660.089332
44.418201	1496.700088
39.637794	1330.339774
40.122108	1198.367530
41.843159	1693.733776
45.645416	1559.159661
41.565334	1510.178704
43.327118	1408.268923
49.505302	1809.900297
48.674026	1682.313284
49.871643	1736.147285
53.696575	2394.413264
50.862297	2193.961204
37.799786	1403.614511
37.980179	1571.448286
35.965626	1112.124720
39.344620	1292.696410
39.815643	1384.400355
35.139454	1030.118954
39.610153	1110.352777
42.323933	1848.238136
40.559265	1406.042871
37.930851	1261.178840
37.751595	1323.135833
42.989513	1814.092990
40.932240	1388.345941
38.553936	1398.157719
37.549030	1333.892725
39.312439	1591.027335
35.086315	1479.853444
35.361572	1303.135367
37.968147	1092.376944
41.769096	1395.656898
39.761929	1144.704108
42.430656	1500.994674
36.448090	1068.024547
37.367985	1413.713269
34.467728	1086.643908
35.159626	1126.007850
37.766640	1402.680946
32.342186	1104.902517
37.264996	1347.682928
32.822315	1183.399259
33.359245	1001.531677
33.793217	1175.196217
37.059872	1130.428696
35.055592	1459.170401
34.059452	1274.278119
39.396534	1443.308676
39.727554	1913.003155
37.312603	1325.982432
41.085732	1317.609744
40.721127	1237.675247
62.333122	3635.655057
72.546867	3052.146362
75.256874	3158.375945
72.875191	2430.445714
79.415878	3366.978412
81.904114	2869.427901
49.237911	1891.044462
69.189484	2953.812967
81.084183	2367.948295
76.862488	2873.683300
83.035843	3028.557216
51.290188	1809.195366
61.406879	2202.630352
74.135620	2402.168830
75.530220	2757.933132
72.805923	2633.623729
75.815063	3282.068695
70.816231	2950.996854
55.670727	1921.942071
49.905796	1641.444674
49.262680	2387.737360
46.453602	1555.971483
37.223091	1380.610151
35.316792	1392.784995
36.547173	1305.900769
46.755104	1730.801494
68.213188	2477.418524
69.951363	2643.191544
68.232269	2482.429063
68.238937	2585.303372
73.736786	2254.847665
75.991112	3139.144097
67.576263	2492.535357
70.875542	4118.264366
72.564293	2610.017563
81.148628	2886.421510
48.983162	2652.911332
58.571785	2287.751455
67.970261	2498.040681
70.972137	2296.434846
70.501572	2535.371952
72.281319	2548.773539
72.905380	2255.765573
67.682190	2207.225027
67.063705	2095.164880
73.503464	2670.351655
62.766975	3376.207317
54.114456	1928.424939
32.918293	1195.385098
32.036381	1157.689324
35.896076	1290.749010
33.570488	1165.050280
31.786423	1035.660144
38.472992	1721.518952
54.172779	2405.951660
74.183044	3420.611317
62.058670	2433.272015
65.022476	2217.037272
68.571388	2379.118735
64.613472	1810.025079
71.110168	2667.680582
70.697372	2405.044294
71.691193	10288.574145
51.555981	1477.605636
43.363926	1848.431149
58.094345	1959.212569
56.658226	1949.734659
71.580208	3493.364485
69.122093	2937.272270
68.086029	2519.574389
67.068527	2381.096651
56.403713	2524.078104
58.201077	2479.825790
70.098747	2725.181636
73.249313	2843.010614
64.448166	2530.295612
52.767010	1925.899344
49.567844	1646.724499
50.533974	1635.464454
43.125713	1733.667698
51.009090	2418.196425
49.974758	1958.355574
62.548031	2327.698070
54.736176	3004.204731
68.980141	3310.479650
62.400066	2002.771827
58.949490	2386.041648
65.964394	2707.498786
57.929283	2400.203944
65.541107	2408.261218
66.746567	2408.047625
63.178680	2145.452176
71.447670	2845.993855
70.183022	2541.460981
57.959652	1980.036425
69.883308	2376.858596
69.466911	2047.264373
64.682854	2401.399178
57.782860	1812.791084
42.585609	1620.776976
48.837872	2133.350025
61.383774	2407.607450
63.163635	2796.862839
64.737000	2278.406551
65.860413	2600.645469
52.883686	2521.685938
69.640228	2338.481242
66.313087	2701.505145
58.985420	2332.243007
53.356606	1948.949854
48.716160	1565.190855
42.793362	1486.978906
53.865921	1974.579049
65.847549	2970.734613
42.964119	1832.439149
33.738560	1045.285564
40.366436	1125.845476
35.048965	1297.974881
34.903706	1371.316098
38.451900	1522.792634
56.493420	2237.471138
50.233833	2344.128440
62.815861	2794.182302
67.424934	2547.421611
76.318459	2598.003446
68.054825	2320.258281
72.998833	3536.038546
65.917091	2344.832708
68.849785	2281.069398
75.253494	3216.244611
61.309441	2355.317688
65.953773	1940.722436
62.862370	2823.864966
57.745018	2640.920475
66.168007	2665.903868
60.596714	2086.125692
44.502052	1540.294872
52.947258	2410.163006
64.681259	2514.877974
61.153358	2228.397593
52.083729	2040.581421
50.742615	1686.018211
49.007496	1581.656299
50.943218	1546.132424
40.753212	1600.224452
51.871544	2664.446043
61.356533	2524.028668
51.472736	1921.917729
43.087063	1555.504368
62.824535	2394.219010
62.943565	3364.054864
53.562355	2748.001453
69.528008	2649.341260
59.170582	2855.838677
70.982994	2773.812028
73.388405	4026.084168
73.710098	2972.620400
60.336639	2282.971012
56.215710	1526.064003
51.640240	2308.182793
50.832458	1499.846366
45.786278	1988.801394
52.416588	1456.581207
50.185169	2016.375390
43.229031	1357.452766
48.754517	2750.571897
51.966125	2408.305419
58.904976	2485.615346
66.233002	3206.832965
67.105797	3479.170097
69.953232	2484.990476
61.825211	2296.316805
64.023926	2574.361432
62.121235	5213.678156
62.379829	2635.838272
71.236183	2329.917060
72.909294	2853.571154
65.579185	2100.838170
75.150597	2654.020138
74.946243	2510.751175
68.873871	2550.505587
68.578873	2458.125777
74.248810	2713.975602
69.847839	2286.095109
68.377800	2791.496695
71.336411	2185.311888
71.147430	2583.000240
66.171822	2787.555827
34.313587	1398.805972
36.491787	2476.632627
36.899761	1488.555350
35.448738	1320.889183
35.443573	1476.133399
36.442028	1215.125460
35.807884	1365.714795
33.983284	1235.764866
34.197697	1325.674241
33.086155	1291.433285
36.057934	1433.472239
58.496761	2355.569037
58.670238	2720.117977
61.773640	2428.069616
59.457123	3208.700173
53.726402	1921.319956
64.048889	2025.314670
49.545486	1945.803664
49.327244	2862.678901
67.365570	2429.210921
68.026764	3477.641529
64.662849	2168.023281
65.092278	2606.577333
66.501831	2886.050512
68.029518	2003.509334
58.221504	2206.392811
65.148827	2305.638011
72.964195	3089.388836
55.313408	2426.083199
44.136620	1488.907880
58.576878	2304.996608
70.068451	2877.502797
64.223167	2209.919416
66.048935	3131.406170
68.815582	2547.656735
64.741966	2457.076671
58.358646	2065.045829
66.204605	2139.252243
66.537590	2304.869930
40.442410	2507.024333
31.664890	940.305891
31.753464	968.768803
33.812122	1066.035922
33.750023	1280.832770
39.290554	1497.000870
38.321484	1167.205535
36.903576	1564.317058
36.464420	1370.977992
33.051723	1054.854747
35.275993	1268.300373
43.910015	1760.803932
35.829067	1277.835732
32.796906	1264.509008
31.643940	954.251088
32.045975	1058.274896
32.651569	1024.987802
37.768387	1597.578931
36.303616	1318.216754
36.582893	1574.551354
39.685772	1235.089587
35.778164	1203.112824
33.690117	1082.824678
35.735882	1340.629711
36.306160	1447.603700
42.428722	1109.751458
41.397476	1658.292237
36.121670	1213.144879
38.622620	1396.591656
38.680950	1327.074158
41.730602	1479.371334
38.883480	1508.386186
38.883831	1283.009537
41.815624	1708.413474
43.306770	1996.450497
41.515514	1257.366877
42.779613	1468.705998
36.857746	1180.384136
37.819008	1266.184883
38.073353	1288.208121
39.823395	1445.859613
37.883102	1335.537023
37.392269	1242.794799
38.424450	1520.296250
43.116890	1393.621414
42.356010	1484.221364
46.994244	1782.150146
50.841408	1741.486959
46.679138	1516.731605
48.111019	1910.313726
47.342327	1988.897998
43.105389	1502.873559
39.375210	1330.449127
40.227367	1176.199025
40.964760	1660.058804
35.893356	1307.132095
38.904301	1410.411632
34.879417	1203.572193
35.384411	1017.084300
33.851318	1239.005014
37.779858	1132.365224
40.324226	1760.304522
38.279781	1497.464536
37.204296	1159.780623
39.094707	1530.380305
34.117794	1048.591366
36.546539	1330.517378
38.171143	1098.286482
37.661716	1181.738379
38.754726	1355.481965
41.480274	1376.970954
39.815781	1342.780523
42.003250	1558.191646
41.332581	1335.996168
45.100807	1192.157327
40.121719	1319.480557
41.881710	1295.101157
40.606701	1291.155209
49.392815	2441.985584
45.853600	1853.546756
46.925629	1531.560912
48.499779	1498.014879
43.853413	1289.332380
38.224445	1330.779165
43.384052	1400.556279
44.421345	1392.206266
43.144070	1643.045955
47.084583	1729.476607
45.571762	1579.127161
47.681267	1759.183091
48.569859	1603.297795
46.075508	1541.429053
35.268646	1359.229832
37.139675	1833.029051
35.413628	1516.335679
34.373871	1048.816283
33.153255	988.452207
35.698765	1193.418204
38.134491	1389.306197
38.265240	1522.482779
33.677086	926.748097
36.142353	1113.699212
39.486187	1461.693890
42.296848	1353.435543
48.941864	2654.547202
52.511799	3240.579649
38.056263	3769.463960
35.724354	1039.233537
36.915554	1328.205339
45.199860	1749.526580
42.981178	1508.374797
36.772709	1212.761895
37.045021	2565.436803
40.664814	2225.331439
35.026245	1174.276421
40.618500	1433.891205
39.765076	1397.415502
35.643681	1486.240735
39.838219	1146.408141
41.628727	1556.235305
37.305954	1468.807374
40.876476	1496.681386
43.180073	1368.893339
39.747528	1342.671971
36.534992	1345.763183
39.148346	1577.352061
38.051979	1607.787485
36.007782	1400.427724
36.326878	1130.077025
39.345798	1282.363619
41.696629	1610.923994
41.548176	1370.110767
42.294968	1480.168259
42.401615	1630.866286
41.166023	1517.970753
40.952164	1642.588685
42.833340	1204.752590
45.439503	1689.865820
46.620022	1618.948382
46.654675	1596.096334
46.280018	1827.511595
41.166367	1556.264717
41.831055	1351.613039
43.458313	1696.929705
43.874607	1525.641089
45.927811	1383.401891
46.791546	1614.327863
51.487625	1743.020701
46.420780	1706.646197
41.636787	1358.849900
39.757221	1263.211200
46.646412	1370.383968
43.011982	1322.417193
41.866184	1762.581938
44.493622	1493.778166
44.523460	1520.137154
40.349464	1523.628792
39.212467	1475.414423
41.692631	1451.516150
40.015076	1425.110979
36.285881	1343.540523
34.043335	959.242408
39.512085	1821.725812
39.289463	1173.739502
37.912830	1264.790812
38.157074	1389.199230
36.356350	1242.040564
37.353302	1614.899815
37.916832	1593.986223
38.856388	1544.696900
51.098419	2521.253441
38.125069	2345.779002
35.999924	1376.445190
39.638748	1328.839586
37.090984	1242.135637
35.911438	1173.623925
38.025223	1358.477384
39.145187	1420.885372
38.584740	1532.170958
35.812130	1293.813598
38.118317	1461.007515
35.879662	1211.498877
39.472916	1256.508697
38.862370	1393.222624
38.699097	1489.757186
35.175331	1251.654677
41.818233	1325.856352
36.857845	1363.988905
38.036232	1237.542616
38.723484	1603.564445
39.539116	1775.469262
40.640690	1672.598768
35.579311	1249.949355
38.210232	1356.708864
36.614395	1237.293577
36.954441	1361.608718
34.790432	1224.333020
35.001980	1163.122940
34.231457	1364.640178
35.395809	1277.637966
38.243977	1346.773719
39.747383	1399.194879
38.398888	1173.720334
38.637611	1223.736131
37.827839	1371.581954
36.929790	1191.589967
35.291809	1278.708976
35.678020	1197.813091
35.714554	1301.776642
37.391335	1148.010678
37.142941	1122.603294
42.178074	1203.486068
40.202415	1520.995080
42.512104	1329.280208
44.449100	1955.187358
38.904610	1312.703937
43.074787	1470.638889
36.294331	1364.576693
36.926662	1193.696756
33.035473	1036.149192
33.531013	1069.189325
34.172874	1219.413111
35.216434	1227.011753
40.536507	1196.964983
48.085217	1907.929913
49.169624	1663.238726
44.808182	1615.263646
37.619915	1495.459206
35.892841	1373.970062
36.517929	1200.886326
34.780155	1085.221527
38.432831	1451.774776
36.664375	1094.081606
37.096607	1152.449431
40.138466	1222.059287
38.621872	1401.886679
41.569447	1575.636018
42.910999	1487.925274
44.245647	1756.792790
42.199673	1528.912176
42.122181	1527.855497
42.107372	1471.437027
41.460396	1410.954159
47.008663	2188.173409
38.082535	1421.048645
45.389900	1548.173239
36.953690	1085.119850
37.790199	1404.612732
38.972733	1110.709443
37.046833	1158.423125
35.843315	1414.818883
37.239384	1367.124121
38.169575	1235.634614
40.786896	1152.945700
38.910538	1205.270082
39.850346	1412.118548
39.166656	1278.524681
42.041721	1373.768408
42.026882	1268.819466
42.958908	1400.211094
41.615486	1527.728690
42.345665	1840.491959
48.129517	1976.222092
46.556644	1655.568202
44.413536	1531.250479
47.147053	1630.926999
47.491314	1751.719155
47.087418	2116.355142
45.649494	1471.686998
47.128265	1657.029512
43.864197	1360.690994
45.912319	1463.894414
41.669083	1785.383846
43.332996	2072.806528
35.729961	1386.361461
40.050640	1367.292880
36.400143	1353.132400
37.794250	1389.870169
38.760571	1239.601910
40.801098	1273.358808
38.286900	1345.972340
35.574020	1463.137622
34.593018	1351.633372
42.900791	1234.447091
45.272976	1861.922619
42.812428	1355.207927
38.397896	1097.527420
34.279892	1118.284272
35.260197	1120.845107
33.176178	975.602068
48.637157	2310.062562
36.645618	1220.489048
39.213295	1962.998759
45.497665	1854.009906
40.716339	1554.047186
41.063107	3001.462301
39.587921	1386.285057
36.272762	1480.110991
38.921761	1305.954626
42.594467	1349.528686
41.652695	1173.352393
40.885914	1383.124968
41.602619	1524.163101
45.887146	2282.135437
40.935654	1180.619884
39.879910	1311.581586
42.775215	1697.054592
41.771442	2687.408629
43.360348	1400.559965
40.971436	1916.391365
38.410969	1217.738022
39.144371	1467.863177
39.231518	1303.419260
40.044022	1681.973068
39.942230	1492.664206
38.453640	1240.476960
39.121410	1502.014943
39.659405	1517.673620
38.046276	1228.485889
40.743282	1474.320464
42.419655	1369.513246
40.772953	1561.440117
40.827801	1364.415417
37.096523	1425.126874
37.991718	1229.506385
37.992283	1251.104804
41.493420	1354.721570
39.029999	1243.893808
37.900444	1278.107289
39.387165	1167.552279
43.434132	1631.066861
37.498138	1187.004659
35.107735	1624.460464
39.667767	1252.612849
38.078968	1310.761569
38.390331	1503.940970
40.030579	1182.087787
40.037773	1280.663779
40.704960	1405.237988
42.441647	1412.035262
43.186996	1381.381269
44.080013	1432.764758
46.936146	1446.680697
43.819366	1464.694623
44.110664	1529.867656
38.991985	1465.707982
35.777855	1317.708555
41.462658	1530.110066
38.647957	1072.499704
36.331337	1402.721412
39.629356	1497.710499
37.794804	1218.534559
40.417210	1243.162940
40.603085	1283.459228
35.929943	1188.852366
36.042248	1090.616420
35.165989	1355.519274
42.291279	1529.898487
38.658382	1532.859579
36.947437	1408.086383
36.569973	1098.143989
39.524208	1229.542784
38.819962	1332.719104
38.340229	1258.468977
41.053955	1456.840450
42.111740	1254.205221
42.534969	1389.720280
45.217369	1243.580125
40.543922	1371.763922
40.952103	1466.454808
45.154385	1439.355712
44.086658	1626.001087
47.634960	1540.877840
47.346031	1363.745457
44.996819	1526.643545
47.538780	1781.650148
44.575851	1603.920507
39.023170	1489.555061
40.494888	1314.387482
38.079536	1248.151676
34.013767	1474.494325
33.682877	1471.881713
35.832447	1140.949229
39.610096	1429.160890
43.739098	1900.099748
39.590778	1458.666267
36.340000	1238.166543
39.658089	1566.163905
36.215744	1198.813530
41.794598	1631.276201
38.347401	1272.769038
35.741238	1206.998779
36.300060	1132.486279
36.525646	1278.770531
36.576340	1351.010435
34.765293	1227.429520
38.305386	1432.626061
38.921886	1351.982577
38.506226	1306.128369
35.146454	1249.121213
37.395832	1110.882920
38.030308	1429.324843
40.776161	1474.322720
39.803307	1086.243923
44.911430	1610.875168
42.745045	1643.176426
40.931149	1394.467679
39.603848	1233.196567
49.272308	2244.937541
40.487267	3449.001720
34.379250	1125.748881
40.059387	1511.667144
40.472496	1316.040732
38.680363	1404.019513
37.430695	1283.941237
39.216846	1186.296366
39.962570	1266.504747
36.328514	1250.363267
38.625996	1317.720609
36.909412	1420.434758
34.952023	974.112319
39.205906	1384.930023
39.909370	2017.609184
40.014664	1300.282498
34.910004	1015.659952
39.984173	1195.610363
34.396774	1034.594731
34.926014	1295.917995
35.709175	1350.555102
36.738495	1315.733534
39.341652	1446.441946
43.122223	1902.040443
39.235630	1804.139195
43.205368	1288.555753
51.416737	2323.087079
43.564419	1544.684260
39.712898	1209.901781
40.837944	1402.076064
40.597179	1440.039655
35.365841	1215.941925
38.480602	1154.167707
37.545372	1293.483661
63.336369	3015.195450
76.959961	4067.252768
75.539131	3245.411914
65.853210	3103.164799
84.725174	4894.479910
94.990364	5431.357282
81.222359	2913.312802
79.926743	3385.198105
84.234848	3879.341678
85.635086	2950.006031
53.603699	2437.107524
81.917465	2667.128008
76.127556	2840.374947
83.636841	2893.351981
74.003975	2788.260826
79.185493	3500.770711
80.365349	2962.426241
59.607430	1904.247123
75.492226	3401.455683
77.440468	2722.088825
77.139328	2729.162936
57.486198	2300.756068
74.948914	2754.693193
77.694519	2456.681653
79.877335	2792.676658
82.859123	2888.871351
70.640785	2251.093750
68.133194	2859.160224
73.365562	2371.994224
76.394028	3260.051749
64.337120	2356.095094
71.245956	3202.488737
78.377914	3156.670918
76.952316	3107.151231
73.066170	2423.330298
78.940186	3699.620219
72.381523	2651.668923
75.978340	2734.517685
73.582436	2544.645862
63.769676	2354.066016
74.221581	2789.933728
71.061577	3014.917307
35.805180	1338.018653
46.337498	2052.722685
60.765308	2367.984847
56.356865	2275.930473
68.011360	2912.670248
41.581295	2417.331189
36.995041	1133.200946
31.891445	976.051755
31.665272	941.808821
36.867428	1191.864076
32.863098	1139.731192
41.719971	1906.108330
36.978798	1198.484420
46.515938	1765.613837
64.411598	2224.805917
72.852379	2622.254518
54.091339	2245.118028
68.431870	2689.439701
70.788704	3298.809041
65.340057	2436.113976
44.226200	2251.708907
30.783190	1065.466952
29.625845	951.661086
32.699078	1002.581122
34.004215	1284.771681
37.028988	1286.467890
39.781891	1219.218958
33.574265	1043.824371
37.995491	1171.158217
32.911884	1220.088427
50.491760	9613.013522
34.131161	1143.705149
35.284145	1128.805028
33.052109	1509.862645
36.762691	1202.379002
35.171730	1193.532908
38.631172	1902.837009
45.693275	1582.153278
74.731888	2255.157330
66.544632	2415.199723
78.972435	3703.277471
71.016617	2582.844611
76.490005	2712.174309
77.574570	3073.782816
56.942314	2153.969650
46.969204	2095.163378
69.466858	2278.304167
67.430542	3008.635130
66.387627	3453.763095
74.115341	2859.221950
50.875343	2221.919818
63.219273	3520.029944
66.777977	2862.214049
70.392433	2148.642900
70.409920	2455.948303
69.109177	2528.567471
74.838089	3289.233879
72.101509	4273.404363
56.419922	1908.107551
49.020245	2298.964616
47.647614	1697.054948
41.474056	1548.268166
49.043221	1971.903366
52.685356	2006.516997
56.780075	2614.699848
66.508095	3037.037264
41.596741	1608.354863
62.603085	2638.275290
68.162628	2294.710011
67.384163	2671.401627
64.682526	2087.717407
61.969051	2088.402633
68.293182	2377.945744
62.337883	2864.642960
64.698029	2444.876816
71.696533	2316.094866
68.421707	2395.980313
76.545906	2524.717597
63.447250	2571.071784
66.256866	2056.480510
67.122429	3226.134993
66.038948	2739.895416
69.569122	3161.364504
69.582970	2817.488479
63.423084	2471.694285
57.767540	1656.957924
44.351002	2319.717955
56.896202	1965.587848
66.423729	2714.470976
60.359715	2607.155979
73.442612	3595.752846
72.839851	2745.368662
68.649269	2762.436106
70.318657	2188.887426
63.518600	1993.001832
70.000961	2608.260852
60.407787	2458.446518
64.556580	3063.577527
50.811985	1402.558938
35.078175	1169.352825
54.889679	1854.331115
61.166721	1944.468049
68.695808	2608.403988
55.485355	2330.120285
61.211761	2244.851711
58.193340	2762.695351
60.816868	2683.355431
71.433838	2701.579280
68.149254	2502.952020
57.496265	1654.891375
50.943954	1504.824009
36.442379	1206.770532
50.148045	2950.590542
60.846489	2795.272796
58.575981	2511.802390
52.341843	1756.612773
50.831516	2019.076889
59.645538	2298.379777
41.055347	1628.285542
59.572838	2134.427251
65.436127	2551.369669
62.625267	2595.793720
70.680702	2221.368810
65.271576	2188.276043
65.960724	2276.294923
60.033569	2067.374684
69.953484	2313.550455
68.818069	2563.656026
52.936138	2060.350614
59.487476	1981.418687
68.527298	3064.344272
62.058788	1989.344764
53.314678	1576.727516
60.882771	2273.517646
67.050598	2948.022411
61.878803	1997.085254
64.417068	2155.078814
55.223637	1896.225119
69.937836	2611.409673
66.396240	2462.407439
67.536598	2365.692333
69.756294	2343.335366
66.572235	2179.208463
74.805954	3197.999320
67.868309	2989.530587
69.114197	2340.141846
73.524048	2414.816033
71.107246	2844.697691
62.856621	2012.602311
64.921104	1929.229081
47.882324	1922.723502
54.194595	2011.957401
50.348881	1964.854986
52.445477	2071.727594
64.944183	2045.309698
68.289604	2323.402431
68.494324	2345.234874
59.807308	1900.954508
55.797180	2355.125421
51.754955	1798.137090
46.371086	1515.631822
38.099171	1838.991258
33.162571	1075.999013
31.857868	973.335271
34.203991	1098.915607
34.517925	1325.453360
34.602390	1138.784758
41.656197	2074.328600
33.405979	1305.086567
33.858406	1129.158114
34.701172	1217.660646
34.112919	1263.145646
32.534969	1180.075841
32.992409	1096.364001
33.144634	994.507087
29.337267	899.509711
32.185020	1138.208429
44.100052	2003.253625
40.351780	1445.133302
35.322334	1449.326010
35.390919	1238.419107
37.931683	1201.000686
34.887585	1404.329199
29.493921	1012.299288
31.131962	1145.311740
33.134705	1306.912374
35.163624	1279.607426
33.931137	992.240481
32.007565	1372.466894
37.098724	1487.745307
31.051210	1467.837130
34.823296	1189.965995
36.712120	1580.762196
33.453953	1226.646295
34.370811	1170.955504
36.618797	1304.703131
33.500843	1266.351572
31.748129	1052.826968
38.220413	1296.561891
40.759907	1400.906543
36.778496	1267.584332
34.638863	1092.974131
37.504498	1194.889445
51.479355	2534.821915
62.348358	2674.263270
36.642982	1184.051371
35.855492	1189.861024
33.682583	1900.475257
48.687706	2441.442869
37.684479	1224.353916
44.925072	1835.487386
33.447258	1179.911254
40.683521	1638.342451
34.127636	1034.019904
39.124435	1330.811261
44.754169	2209.728256
39.522652	1227.541415
34.057343	1054.614382
31.743546	1150.193546
33.514141	1165.066473
31.931385	996.572457
38.137989	1202.051506
35.146217	1367.792078
33.461517	1165.064622
32.657555	1082.874808
30.597692	911.402149
33.326366	979.476979
37.877541	1443.833967
40.879444	1750.224794
58.676441	3138.277334
60.282181	2395.503346
62.926460	2495.352219
42.308895	1549.739739
67.724586	2674.088484
71.974251	2694.548203
62.779686	2882.689940
50.419872	2691.902512
68.769226	2716.187233
76.200439	2748.942149
68.157127	1999.133470
66.315529	2146.075799
73.410561	2868.810493
75.580002	4204.523621
45.941761	1740.699792
59.137558	2655.136868
63.286251	2463.475562
67.010811	2819.203957
65.331985	2412.637405
73.866959	2720.439416
69.225777	2844.270733
75.287010	2284.613194
58.508293	2736.849515
53.101002	2502.993319
49.284508	2056.689216
48.171913	1793.659427
47.207535	1698.225856
52.303970	1807.182148
44.203671	1426.670715
38.672050	1259.816217
43.757458	1667.308259
58.138229	1775.854298
62.767803	2729.302247
68.176262	2519.297275
65.656151	2561.615909
66.258774	3064.433830
48.913879	1644.590088
62.949322	3630.147430
66.695770	2146.503408
69.321304	2566.577356
68.865685	2910.878422
61.570408	3035.246630
63.365845	2340.003940
64.259514	2670.215548
70.618164	2719.150181
68.182060	2796.371319
66.986610	2573.142205
68.932869	2831.856435
65.253517	3450.696118
70.517075	2178.786842
63.046955	2834.872438
68.793495	2246.988380
67.287849	2769.712854
63.086647	2483.460179
65.552277	2456.650061
62.113621	2176.791883
67.488586	3000.738391
63.132599	2523.142635
64.642677	1961.257860
72.900444	2590.891380
66.854141	2983.070062
66.324890	2473.860106
70.674843	2616.952071
62.396561	1924.302404
69.437836	2408.945795
67.001953	2587.747398
53.313030	1649.183168
50.475647	2074.476269
46.659615	1527.484166
39.653252	1422.557277
35.485447	1135.537422
32.529228	1107.438288
31.599529	974.994808
34.636951	2754.754976
43.902664	5058.991623
28.736786	1159.574193
30.260389	1216.243768
32.019207	1024.568878
37.817337	2761.498989
48.549652	1732.585644
46.183796	2237.105185
31.059137	985.892162
33.113094	1098.128645
36.478600	1455.973558
35.954430	1083.697066
34.445873	1181.910660
32.342415	1140.136872
31.810440	1059.096346
31.461739	1214.485107
34.995804	1039.789362
37.438435	1508.992784
45.027992	1446.928082
41.550755	1305.866235
42.559303	1280.496144
38.429398	1293.300967
39.669056	1280.459286
47.521828	1735.085335
34.194874	1058.947459
37.538773	1256.584145
33.367634	1249.277327
32.964668	1075.005899
33.136391	1264.225529
56.172482	2889.882692
64.793800	2784.696266
64.752930	2892.602955
71.275917	3417.386708
71.392227	2697.568159
50.300236	2093.843424
67.881630	2440.961860
67.517128	2186.603683
71.511238	2548.309754
67.399620	2633.217665
66.967384	2048.514202
70.231392	3250.787339
65.875481	2811.965634
66.428192	2251.006065
67.879303	2637.068850
69.339699	2367.329151
62.488945	2507.635803
46.998730	2415.296854
64.392998	2433.134729
71.314476	2361.756887
66.665924	2256.730482
70.628273	2701.576714
69.912369	2596.449524
60.725315	2165.594624
53.569046	2251.939379
69.285530	2394.465059
61.884617	2298.858090
67.941696	2439.284160
67.271965	2348.287908
55.110477	2616.508198
52.884766	1682.631925
47.491447	1349.118710
48.781013	1534.174747
47.731766	1424.695076
44.431557	1310.982530
46.583855	2348.100817
51.252850	1551.897024
47.240364	2121.244999
45.386784	1635.484537
39.850937	1401.727160
47.877789	2001.001475
48.999115	2173.969137
61.956299	2193.298027
63.772999	2994.907094
59.250565	2598.425282
64.272949	2139.914051
64.125175	4397.831611
58.339626	2655.517359
62.288273	2549.717129
67.658119	2509.610146
62.537865	2146.063508
60.916176	2095.611294
62.946861	2650.599325
56.063866	3653.568655
47.944656	2982.224349
60.760307	2571.628898
67.259697	2165.092416
62.924984	2472.451134
59.439602	2473.749269
70.419418	2162.347836
58.474297	2157.860222
64.452988	2426.198228
67.860985	2575.130388
65.444977	2880.235900
63.320015	2329.559495
63.333786	2425.335410
66.416710	3656.483704
71.303719	3328.301430
68.701042	4188.667111
65.221809	2942.170912
69.104294	2645.190776
46.329773	2128.232323
57.741436	3482.444532
66.910637	2791.398754
64.484512	1903.691185
67.232613	3298.833644
63.493042	2237.928531
65.465950	2306.165686
67.979286	3435.354865
64.541992	2967.203919
65.199860	2315.156587
41.919949	2172.055895
52.428333	2353.989735
65.699654	2312.766932
65.307449	2517.857718
61.015289	2733.382672
57.266285	2265.918764
70.870857	2163.467125
69.579063	2648.781956
54.616898	2395.640844
65.516159	2476.150107
77.938316	3141.063160
57.453674	2861.572587
51.813599	2068.907968
43.430283	1702.150800
50.368160	1784.780257
51.288368	1745.981430
48.048691	1648.911761
35.866249	1211.678196
33.139610	910.647902
34.410534	1147.639594
33.665241	1181.712324
33.578167	1178.876372
35.013515	1271.779082
35.395084	1129.493899
43.984097	2031.712090
34.212894	1096.989418
34.888641	1103.417710
44.338600	2299.865136
57.214100	2489.742665
56.581970	2280.071124
61.994076	2727.119557
60.200523	2077.807400
51.700584	2051.462580
36.824287	1293.248506
33.770088	1188.901268
33.257759	1192.386824
35.566586	1571.976070
35.969185	1324.432256
34.107178	1167.597676
38.266743	1262.424298
32.369370	1066.935461
34.504253	1296.029787
33.652321	1357.832462
36.932129	1683.372998
33.567532	1325.245888
36.367596	1159.750295
38.494740	1300.828661
38.171619	1528.071263
43.548206	1676.878253
36.401436	1591.893740
33.535915	1238.953876
32.941242	1031.802188
32.110893	1215.099262
41.592590	1404.748562
43.758530	1432.046052
34.825527	1057.017229
42.408947	1187.968640
46.323788	2365.549309
35.938461	1557.019592
46.109715	1724.481753
63.902851	2576.405653
71.296921	2425.381910
58.854218	2491.920080
68.276398	2388.963105
67.629059	3297.350507
64.277794	2461.289239
67.880569	2662.196068
66.137459	2273.673575
55.396358	2124.811299
62.678406	2407.872227
67.179550	2343.873522
66.785866	2173.771047
67.599670	2116.754936
75.194397	3801.822094
48.320351	1943.929532
44.497505	1752.563808
61.368599	2182.638251
66.873100	2933.587490
70.283005	2916.399680
53.357056	2099.642591
60.407288	2686.714083
61.424232	3157.293230
64.208702	2287.436136
53.477879	1597.909307
48.586098	1694.766736
42.661385	1368.022521
47.672333	1661.751608
52.342979	2516.597723
42.383751	1783.749501
64.410583	2499.515721
59.963177	2514.132319
63.303860	2789.093520
62.568096	2243.437971
64.947746	2218.689946
61.226032	2991.999011
61.744877	2553.101817
69.087875	2879.958163
59.872715	1985.733233
58.183247	2082.595765
60.726067	2508.709100
57.937954	1800.385232
62.651337	2598.395121
68.730209	3324.247845
62.913254	2327.585350
63.757710	2257.573367
70.406914	2298.982644
70.195000	2757.762951
67.868515	3030.535994
71.400101	2615.051241
56.761292	2323.171160
64.751747	2416.258122
65.202904	2748.089943
73.539734	2990.856780
66.277336	2167.844796
65.236008	2672.532699
66.736351	2389.351056
72.926888	2687.664104
70.415871	2716.230565
68.975349	2462.363422
73.102592	2843.745987
65.403572	3802.659510
67.744827	2472.538959
60.533638	2042.223559
65.513527	2486.556364
64.453354	2832.223427
64.228050	2560.508439
69.235123	2063.184933
67.235664	2801.538557
58.459267	2999.687408
70.032997	2726.259889
66.082703	2417.693429
62.612595	2025.453195
56.128227	1885.233016
52.828800	1689.849648
50.367489	2101.481770
48.456142	1432.446361
46.481030	1810.293288
46.954350	1678.553818
35.183064	1809.901231
48.447701	2863.466110
52.609097	2391.246612
58.640846	2117.684148
60.078300	2105.611797
51.978386	4186.292654
54.121910	2447.061134
45.803558	2034.676525
33.372509	1522.803413
35.346275	1196.171202
34.541286	1515.669324
43.727848	2763.325455
37.647835	1310.966058
35.435246	1386.327777
31.533356	1121.373010
35.417885	1167.609602
47.251823	1867.259564
60.514359	2881.053522
58.796654	2098.198980
61.754715	2138.553631
66.084503	2425.583590
54.597412	2163.702285
55.808952	1975.136893
61.534916	2400.851132
48.943039	2528.585969
58.597347	2352.724913
61.829357	2283.728477
63.059937	2969.857413
63.248672	2004.393711
53.114029	2021.085712
59.200657	2377.780020
60.076385	2514.814625
64.297302	2326.720389
67.243385	2615.705498
64.312927	2046.349081
73.173851	2390.408471
66.238800	2816.849466
49.651520	2583.318709
46.533001	2192.178451
52.447250	1971.058846
35.998425	1266.339604
35.970894	1310.905979
34.705574	1127.996769
35.664501	1155.159684
37.344547	1167.892238
34.346035	1177.961243
37.142872	1374.030095
34.963306	1466.870618
35.981281	1640.809036
35.050262	1154.870435
33.894466	1198.253654
33.514534	1157.695700
37.629303	1599.083826
34.525814	1275.226294
33.843410	1073.670120
31.953449	1051.215687
31.666548	1154.127086
32.511963	1145.376654
34.866127	1318.838683
35.141914	1331.030099
33.780052	1573.278396
33.506702	1236.836880
36.804935	1349.867502
34.441261	965.634354
36.699722	1234.369474
39.269558	2500.568458
39.435436	1537.995950
47.294479	2223.371527
46.391712	2101.651886
59.025478	2267.657757
70.858688	2816.530465
64.846214	2541.628868
64.378365	2674.579638
68.338333	2380.297875
65.462067	3639.316664
48.162037	1926.842653
64.765541	2690.545141
69.139641	2593.222116
68.968834	2275.532944
58.536449	2145.152254
71.785301	2693.382498
56.521408	1488.803859
51.349537	1746.918769
40.231701	1902.302386
52.083488	3116.276130
50.388474	2435.577629
60.168705	2324.382114
59.582554	2103.252556
64.679459	2317.228723
61.230595	2197.366787
56.799057	2263.120731
51.870983	1760.687094
48.739876	1556.083296
39.375031	1219.596845
45.908627	2196.205920
59.606113	2682.907961
52.027531	1899.586406
45.309242	2253.489436
31.131020	1181.643510
31.796589	958.237698
37.402733	3706.818049
49.351639	3022.893498
68.421524	2504.290771
54.956879	2124.626769
72.322891	2791.000439
61.562618	2191.373891
66.087715	2388.024549
65.401855	2897.074681
71.258156	2870.081279
63.368031	2495.107973
62.603790	2318.542603
66.140366	3078.773643
55.440193	2325.848784
31.646000	1067.202605
34.691818	1341.892468
33.292675	1296.606551
34.855515	1348.391532
40.730106	2226.535265
48.611435	2531.517339
63.414536	2452.722748
39.166420	1951.956773
44.886105	2885.955835
57.760593	2478.471071
66.208405	2459.526979
69.018570	2927.839346
67.556541	2605.002124
63.621365	2238.515882
65.493126	2570.588905
70.292496	2614.946563
49.359676	1998.690047
60.168053	2402.600661
64.566833	2804.378838
65.703766	2072.100310
57.826729	2126.548277
57.288090	2035.879443
59.560383	2467.004290
58.560150	2489.978626
50.903008	1813.502401
51.410751	1647.791120
48.902119	1669.562427
47.419594	2083.055256
47.803299	1765.625519
50.634270	1674.897255
36.777828	1939.004050
35.460392	1298.180796
33.175709	1025.868743
35.704559	1157.904462
33.834625	1207.469206
33.789398	1357.348138
35.804817	1451.169119
58.331570	2937.880298
45.189392	2520.999559
50.720161	1996.664580
64.213203	2287.362206
61.633537	2266.154632
70.226837	2455.548546
70.102966	3236.468539
66.732643	1906.030471
69.063492	2432.276840
69.613586	2329.569904
75.941673	2910.386710
69.043213	2339.268645
48.747181	1753.216280
56.126072	2306.251387
60.355598	2243.854987
65.350838	2058.897698
67.843559	2930.189673
60.608982	2811.686964
64.253609	2620.938921
60.648861	2365.349528
70.333412	2330.940535
69.897774	2517.218670
61.893970	2883.059146
70.438637	2493.517192
64.594948	2334.731849
49.762978	1951.501487
56.703842	1952.573077
60.418694	2137.549507
63.742264	2723.039390
65.520775	2620.655543
64.652512	2641.692236
66.850754	2535.038542
65.465027	2360.385816
51.099689	1677.747070
58.697948	1913.402705
49.961086	1502.387357
49.715088	1944.628823
53.523216	1959.732528
56.763062	1726.084558
53.378567	1527.174789
46.416706	1615.754677
50.404175	1583.995823
46.645782	1473.085314
53.204536	1779.274997
40.024761	1383.763707
43.486988	1572.530710
52.155396	2222.124918
47.996044	2168.603429
56.776722	2733.447875
52.216068	2278.650748
53.363083	2493.369494
59.596928	2062.074598
66.036407	2400.825387
59.010326	2239.299832
61.079071	2115.967464
61.996552	2577.539201
66.747139	2933.679645
68.101151	2355.094735
64.906944	2105.340906
58.342373	2154.968895
64.869179	2382.443552
72.266068	2919.335247
67.809540	2553.657818
69.772438	3051.198511
72.001534	2535.282960
64.056862	2524.382796
66.443718	2558.780396
73.435234	2742.625991
64.805206	2324.020510
58.853992	2598.258340
55.925442	3042.607738
37.035046	2344.418433
33.450943	1354.926725
31.213144	1256.072231
34.861729	1132.506285
35.904839	1402.080357
32.063595	1213.274011
36.332737	1551.887555
35.132809	1317.871549
33.246944	1225.908952
37.659985	1742.507993
35.756271	1238.618784
32.865479	1218.230349
33.252945	1019.052201
32.252037	1149.388460
35.290283	1453.640156
33.235100	1216.502001
34.324265	1374.984688
34.304707	1345.603017
35.281353	1115.148349
31.087818	963.331568
35.368088	1271.572564
38.340664	1186.639745
59.277008	2562.170108
55.227543	2265.305156
65.642212	2234.234796
56.265366	2016.276853
49.023071	2405.901313
38.609962	1273.028847
62.629982	2283.251219
70.014153	2649.792084
64.777855	2515.738415
60.170372	1994.154065
52.174660	3023.659888
37.367706	1834.416499
46.031143	2482.565639
50.520233	2071.514151
61.528164	2285.064540
61.543594	3215.005446
43.433483	1976.601227
33.543446	1367.134663
33.635742	1019.308765
32.920322	1024.005353
37.946655	1278.383826
32.701424	1113.416726
34.917042	1287.136749
31.627115	1131.652741
30.719818	1041.369279
32.367489	1115.733584
33.532032	1121.957204
38.018208	1490.052428
35.992203	1287.107226
36.428261	1273.518612
35.958603	1170.503054
39.136124	1345.183563
37.238964	1679.292352
34.262955	1191.342006
39.600319	1748.151566
35.854179	1168.256279
34.200062	1361.478469
38.481037	2180.305078
37.920666	1201.330647
37.489376	1448.165403
37.006042	1362.607837
33.411469	1146.390237
out value: 8.695946
