scoring	0.0 Hz	1.2 Hz	2.5 Hz	3.7 Hz	5.0 Hz	6.2 Hz	7.5 Hz	8.7 Hz	10.0 Hz	11.2 Hz	12.5 Hz	13.7 Hz	15.0 Hz	16.2 Hz	17.5 Hz	18.7 Hz	20.0 Hz	21.2 Hz	22.5 Hz	23.7 Hz	25.0 Hz	26.2 Hz	27.5 Hz	28.7 Hz	30.0 Hz	31.2 Hz	32.5 Hz	33.7 Hz	34.9 Hz	36.2 Hz	37.4 Hz	38.7 Hz	39.9 Hz	41.2 Hz	42.4 Hz	43.7 Hz	44.9 Hz	46.2 Hz	47.4 Hz	48.7 Hz	signal	motion	accelerometer
na	3.493	7074.052	5629.312	4984.664	2201.465	1838.064	861.118	1178.9	655.803	452.089	356.984	305.503	308.796	225.641	185.207	181.255	154.683	125.822	105.297	99.522	66.162	73.056	69.868	44.617	42.922	36.871	35.821	30.158	21.955	20.249	18.066	15.661	9.455	10.218	9.059	6.969	6.128	5.809	4.947	3.346	41.594	0.150	0.150
na	5.624	43.634	380.17	357.357	290.623	392.376	435.291	244.1	165.312	175.013	87.199	90.017	74.688	51.144	54.912	44.854	28.395	25.619	26.322	21.324	22.512	18.507	15.901	12.176	11.277	6.644	9.875	5.436	4.783	6.228	6.291	3.031	3.116	2.695	2.959	2.413	1.755	1.738	1.445	1.999	49.619	0.069	0.069
na	6.593	41.397	175.177	390.273	533.384	592.464	410.897	225.117	132.637	115.102	48.672	50.157	37.18	46.308	45.184	26.794	21.331	33.353	25.346	20.368	18.804	25.495	16.328	14.37	9.863	12.182	7.064	5.375	6.49	4.644	3.233	5.59	3.643	2.755	2.414	1.92	1.477	2.064	2.366	2.106	50.697	0.140	0.140
na	8.741	58.147	186.772	250.762	554.139	562.467	310.131	234.143	186.088	125.437	56.812	73.367	51.973	38.865	35.706	39.585	28.652	23.949	26.032	12.759	21.656	13.725	12.195	13.307	8.847	8.64	9.202	6.779	5.147	7.75	4.605	2.452	3.456	2.926	2.763	2.76	2.071	1.994	1.722	0.911	49.381	0.266	0.266
na	8.343	48.186	144.016	397.892	418.73	352.262	364.555	363.099	345.728	130.161	93.888	76.434	45.316	45.029	49.876	44.511	29.899	30.81	25.601	20.333	24.771	10.064	19.511	17.698	12.204	13.358	13.102	7.533	7.091	6.651	4.583	2.898	3.43	2.84	3.526	2.332	1.177	1.961	2.445	1.048	50.591	0.126	0.126
na	9.677	55.949	135.915	170.584	215.221	187.715	267.553	350.908	444.68	200.321	136.484	57.957	50.225	35.003	28.894	39.215	29.279	22.186	25.527	28.567	20.885	25.057	20.217	17.346	15.79	11.89	7.044	10.577	9.325	7.663	6.605	4.641	4.398	2.909	2.842	3.337	2.892	2.193	3.032	1.684	46.713	0.160	0.160
na	10.067	67.594	134.597	237.071	295.581	266.338	373.147	436.375	278.297	145.229	43.538	58.333	53.508	70.469	25.928	39.429	38.862	18.909	39.098	27.794	31.28	21.213	13.924	15.448	11.091	6.942	7.45	7.497	9.309	7.029	5.232	4.397	4.97	3.078	3.384	2.818	1.844	2.317	1.836	2.018	46.938	0.170	0.170
na	13.618	88.979	249.598	334.724	273.264	262.588	385.159	318.687	172.392	99.298	64.15	40.078	60.182	45.622	32.764	33.181	35.152	34.673	19.034	16.325	14.24	19.807	13.662	16.652	12.98	12.788	10.435	10.178	8.082	5.681	6.804	3.8	3.006	3.508	3.736	2.66	2.441	2.041	1.658	1.634	46.329	0.194	0.194
na	15.771	94.12	154.068	343.467	595.615	349.23	257.79	254.599	198.305	74.356	95.513	63.827	47.366	56.748	46.666	52.657	41.325	37.648	31.961	26.765	19.642	10.952	17.752	24.556	17.773	16.398	8.761	9.647	7.104	8.366	5.462	5.203	3.988	3.835	3.646	2.108	2.099	2.055	1.27	1.264	48.690	0.150	0.150
na	9.294	79.797	251.494	243.291	219.361	271.525	398.122	324.134	211.418	142.025	68.246	65.024	51.081	51.351	34.957	32.035	30.212	25.909	34.817	20.864	15.19	21.252	17.865	18.501	16.13	7.543	13.842	12.552	9.448	7.396	6.3	7.027	3.376	2.953	3.843	2.943	1.537	1.881	1.766	1.35	46.594	0.195	0.195
na	22.229	137.398	207.365	333.899	334.346	378.99	741.674	642.781	226.575	149.715	88.72	65.967	49.099	52.682	29.569	45.265	28.299	38.854	30.559	19.142	21.971	18.406	18.83	14.645	14.097	13.043	10.914	7.208	4.532	4.585	5.121	5.334	5.172	3.265	2.15	1.919	1.835	1.607	1.707	1.544	55.041	0.202	0.202
na	16.007	155.982	259.87	493.587	331.061	504.61	354.264	452.957	307.895	172.512	95.431	51.15	44.551	56.718	40.307	41.013	43.602	33.211	28.522	28.273	29.685	21.523	23.642	16.848	12.66	10.503	9.475	12.568	7.454	8.621	6.227	6.329	3.348	5.24	3.732	2.896	2.057	2.322	1.905	1.5	53.798	0.255	0.255
na	14.677	85.094	337.149	234.072	368.589	513.204	503.812	415.634	391.198	127.579	60.831	61.07	33.745	54.533	55.764	40.046	44.108	27.727	41.588	26.526	16.962	11.621	21.427	16.848	10.318	13.742	13.161	8.242	8.528	8.176	5.531	5.237	5.597	5.81	2.04	2.578	2.678	2.296	2.102	1.465	52.149	0.260	0.260
na	8.984	79.728	188.932	322.947	487.904	274.585	468.657	405.889	289.846	174.147	58.954	86.084	40.38	68.35	35.657	39.098	75.118	24.072	28.42	27.581	22.373	22.719	21.183	10.99	15.735	12.899	11.072	9.485	6.729	8.334	6.021	4.89	6.445	5.526	3.104	3.18	3.229	2.074	1.707	2.148	51.815	0.159	0.159
na	3.609	50.255	182.788	233.663	317.161	583.844	217.432	325.931	113.357	134.306	108.681	63.405	58.601	40.897	30.076	32.944	48.929	22.89	24.999	18.513	20.77	18.279	17.618	15.197	15.339	8.544	8.576	7.066	6.488	6.272	3.938	5.414	4.382	2.992	2.471	2.159	2.172	1.765	1.222	1.343	46.874	0.078	0.078
na	9.537	70.608	146.53	213.786	368.204	537.574	496.691	233.439	161.383	161.742	57.146	65.87	33.973	65.142	37.659	46.422	41.622	18.566	17.053	33.775	21.565	21.327	16.883	12.386	20.363	19.445	9.13	8.682	5.992	4.721	5.045	4.209	5.374	4.691	3.404	2.811	1.772	1.824	1.538	1.412	49.210	0.072	0.072
na	10.712	65.262	171.516	250.485	488.076	386.026	476.508	235.786	331.639	130.7	66.39	62.15	52.077	61.809	36.068	39.405	57.052	42.289	26.278	25.844	21.027	19.954	19.891	10.727	16.981	7.697	12.171	5.363	8.72	6.159	4.176	5.138	4.934	5.078	2.418	1.915	2.158	2.047	1.632	1.672	51.050	0.077	0.077
na	11.141	50.526	191.266	272.515	668.336	736.159	493.535	347.488	157.368	121.204	83.78	71.977	51.533	57.085	66.557	55.382	62.983	29.04	29.429	18.614	18.141	17.579	15.946	18.098	21.827	16.532	9.603	8.238	8.699	3.487	6.182	4.667	5.944	4.996	3.024	3.153	2.62	1.592	1.918	1.403	55.620	0.101	0.101
na	16.886	88.612	273.329	314.01	576.561	695.264	341.959	489.888	418.519	127.867	89.828	85.674	63.809	51.148	45.004	35.641	45.086	26.321	29.91	19.347	14.124	15.326	13.549	13.466	15.864	11.523	7.07	13.625	6.328	6.02	4.08	4.704	4.08	3.189	2.869	3.505	2.341	2.266	1.783	2.064	57.351	0.084	0.084
na	12.281	81.701	222.469	276.418	468.466	475.876	321.625	175.103	220.293	100.371	75.937	58.537	43.16	59.174	41.659	45.021	45.951	27.239	31.51	18.594	17.953	19.43	14.271	16.409	20.389	6.887	11.225	8.693	7.899	5.9	5.101	2.584	4.48	3.584	3.457	1.819	2.197	1.631	2.127	1.553	48.823	0.073	0.073
na	15.193	73.052	206.055	271.14	309.201	273.465	482.463	242.67	321.045	110.36	77.788	62.56	38.723	46.644	57.779	45.996	54.031	33.336	21.574	26.887	20.49	21.363	26.242	17.122	14.759	16.17	10.448	8.052	6.776	7.031	7.597	3.274	6.89	5.007	3.532	4.139	2.42	2.226	1.443	1.608	48.236	0.123	0.123
na	7.527	47.841	180.305	229.381	288.661	277.593	304.707	430.853	268.953	159.307	163.269	76.959	63.517	52.616	62.34	44.383	43.693	33.765	25.653	27.808	28.649	19.84	15.941	11.735	11.941	9.043	10.897	10.961	5.459	6.523	6.93	4.399	4.796	3.764	2.42	1.74	2.89	2.189	1.542	1.162	48.199	0.108	0.108
na	12.11	101.741	110.529	232.66	270.547	268.161	234.428	569.793	506.608	206.511	121.072	80.242	63.89	67.252	48.048	31.133	45.36	30.71	24.077	27.348	22.795	23.268	24.501	20.904	26.581	18.913	28.756	13.612	13.237	6.097	7.433	6.396	3.736	4.445	3.67	4.065	2.951	2.358	2.859	1.337	51.668	0.221	0.221
na	10.027	68.665	286.794	321.714	242.268	330.89	453.834	396.598	220.121	126.242	71.546	72.087	53.262	54.224	37.438	25.134	38.901	24.495	29.093	29.656	24.917	20.443	17.005	11.695	15.665	12.912	11.971	9.36	7.567	8.251	5.473	4.726	2.986	3.31	2.745	2.437	2.109	1.544	1.578	1.349	49.620	0.210	0.210
na	11.43	99.773	187.769	220.15	457.519	622.378	355.369	567.255	295.705	125.011	65.664	62.123	27.271	57.917	41.244	43.383	52.814	40.695	29.1	18.722	34.288	25.179	17.511	14.468	17.498	13.702	11.716	10.439	9.48	4.161	6.888	6.096	4.085	2.434	3.308	2.117	1.661	2.141	1.946	1.859	53.386	0.228	0.228
na	31.823	173.745	258.443	387.103	278.29	324.634	415.905	414.923	280.797	140.037	62.726	80.667	84.918	38.55	63.562	32.993	37.742	43.203	26.589	22.767	20.934	24.59	18.365	10.077	17.52	15.492	15.328	10.833	8.527	3.398	5.493	4.19	4.649	4.085	3.654	2.053	2.822	2.782	1.76	1.054	51.058	0.216	0.216
na	30.38	118.087	260.608	319.322	322.772	609.362	411.762	712.245	233.585	121.375	125.638	84.419	52.218	47.411	48.142	41.197	29.914	25.888	42.759	24.777	29.404	15.194	18.547	21.758	15.188	12.307	11.98	7.612	8.884	5.356	6.796	3.546	3.662	4.492	4.122	3.24	2.988	1.793	2.038	1.714	54.603	0.231	0.231
na	15.789	70.74	274.919	387.865	325.534	353.515	214.414	377.438	281.517	149.303	76.448	77.566	68.806	59.194	34.221	52.584	47.657	46.484	24.564	25.766	18.739	15.903	17.743	21.008	12.002	18.211	10.71	12.115	10.139	6.849	3.978	5.755	2.234	4.381	3.298	3.549	3.651	1.871	2.009	1.814	50.020	0.165	0.165
na	13.317	88.305	233.396	170.652	166.657	360.422	383.706	307.482	283.674	220.467	111.337	69.285	50.888	45.487	48.92	37.912	47.661	32.697	36.991	19.618	23.532	16.448	23.713	16.96	20.844	14.881	11.502	16.354	9.371	9.675	7.333	6.687	5.116	4.496	3.916	3.277	3.816	2.368	2.22	1.352	48.933	0.202	0.202
na	12.079	81.783	217.812	243.105	199.804	132.538	190.012	403.361	611.085	149.678	104.723	65.788	50.17	26.995	53.208	44.369	52.662	30.202	21.785	38.557	20.586	18.751	20.169	27.451	25.299	16.899	16.09	9.683	8.99	12.252	5.203	8.582	8.972	3.412	5.476	3.579	3.099	2.586	1.541	2.317	48.883	0.198	0.198
na	8.126	81.005	189.773	216.345	139.918	164.283	248.8	549.504	439.683	154.449	80.804	39.862	36.973	51.576	45.549	44.076	64.613	34.769	32.124	28.855	26.478	22.879	18.763	17.583	15.26	9.859	16.752	15.718	10.965	10.583	6.142	7.18	4.272	4.22	4.197	2.034	2.606	2.675	2.439	1.73	47.451	0.163	0.163
na	9.229	93.722	166.966	251.196	171.53	189.628	341.831	429.642	346.525	181.298	85.276	58.269	58.097	33.901	32.502	38.311	46.261	43.023	26.609	21.695	28.296	17.187	18.563	15.14	17.843	9.249	9.73	10.49	11.719	9.188	4.132	5.636	5.558	3.951	5.286	3.104	3.65	1.851	2.358	2.147	47.704	0.137	0.137
na	11.334	64.502	217.91	290.114	367.53	483.421	485.227	378.286	237.207	185.146	88.387	50.638	61.975	64.965	59.76	41.287	29.495	28.258	23.907	23.748	28.804	17.789	13.757	17.829	15.157	11.053	12.834	10.15	12.521	7.79	6.43	6.409	6.421	4.646	2.08	2.158	3.022	3.084	1.968	1.749	51.837	0.118	0.118
na	7.961	68.572	250.812	256.937	235.836	250.561	443.555	508.633	345.797	116.835	78.252	48.485	43.824	54.832	32.631	26.484	34.333	26.818	33.235	9.169	17.784	18.608	18.077	16.99	16.316	11.587	10.294	8.728	9.175	8.468	8.148	3.997	5.846	5.12	2.153	3.816	3.04	2.671	1.332	1.628	49.916	0.104	0.104
na	9.661	84.661	278.584	166.895	263.894	273.523	284.815	648.108	404.425	127.256	84.017	55.726	54.992	41.57	36.967	42.894	35.503	24.476	34.774	34.817	21.289	20.867	19.173	24.846	12.031	16.385	22.205	11.235	9.011	5.719	8.818	6.452	5.13	4.593	2.984	3.618	2.439	1.471	2.266	3.044	51.294	0.133	0.133
na	10.749	69.513	161.659	224.068	253.974	215.649	294.725	630.781	455.526	179.865	114.518	61.047	34.874	45.56	34.107	41.19	33.932	40.839	20.08	24.976	30.446	24.144	16.385	23.164	20.852	12.623	18.741	11.329	8.989	10.731	7.129	9.188	5.798	3.825	4.522	4.192	2.462	3.117	2.468	2.208	50.899	0.173	0.173
na	13.595	91.057	271.781	170.684	301.849	397.363	520.829	394.594	346.625	148.128	117.537	85.335	72.884	60.279	37.901	39.97	38.196	28.808	31.238	24.136	20.705	14.82	14.378	20.627	16.935	13.245	9.24	8.167	6.927	10.303	5.977	6.056	4.398	3.678	3.496	3.188	3.38	2.728	1.698	2.105	52.610	0.122	0.122
na	9.035	88.25	183.761	152.701	261.768	361.402	337.343	313.409	281.773	128.778	58.076	48.975	46.77	35.831	44.632	39.355	29.539	33.271	37.968	25.855	21.207	22.501	13.064	20.158	15.132	15.265	11.536	8.797	9.019	9.82	5.619	5.002	4.592	3.354	3.778	3.119	2.752	2.264	2.116	1.352	46.632	0.182	0.182
na	5.701	48.912	211.07	324.29	995.801	674.027	338.164	256.228	172.234	129.247	105.387	74.184	38.173	49.537	35.127	45.867	52.186	37.32	36.173	20.811	18.333	16.206	15.628	14.579	9.558	10.755	8.677	7.156	7.426	7.583	3.192	3.692	4.654	2.563	2.362	2.191	1.886	1.616	1.098	1.118	54.444	0.086	0.086
na	14.628	53.373	218.934	378.222	595.406	420.136	220.835	349.844	170.272	142.972	95.443	52.128	61.23	51.692	44.261	46.384	24.605	33.612	34.814	23.227	20.741	15.233	18.45	11.388	12.987	9.641	7.407	8.623	4.539	5.145	3.931	3.774	4.819	2.636	3.177	1.967	2.027	1.792	1.174	1.416	50.064	0.088	0.088
na	8.301	63.416	331.48	292.409	371.607	351.247	591.643	313.224	224.24	172.433	95	99.09	34.412	61.048	52.865	41.734	39.065	35.618	16.538	29.833	29.977	15.831	14.341	11.868	18.725	15.138	11.293	7.151	7.693	5.725	5.322	3.543	3.74	4.312	3.491	2.563	2.592	1.418	1.854	1.141	51.855	0.106	0.106
na	7.045	54.714	223.189	184.266	142.859	193.209	245.936	578.183	410.877	163.633	79.477	60.06	33.977	37.598	44.01	38.662	45.947	31.003	18.078	26.064	29.303	14.154	24.08	16.102	11.742	8.723	9.846	7.725	7.937	9.865	8.418	6.014	3.623	2.39	2.345	3.173	1.572	2.097	2.25	1.135	48.004	0.121	0.121
na	4.736	48.623	203.459	190.723	211.148	337.744	288.551	683.545	219.326	147.178	90.219	74.23	46.617	65.703	28.139	52.136	28.77	24.641	19.571	40.74	20.342	19.203	17.422	18.244	15.005	11.382	14.701	8.793	5.121	9.162	5.522	7.149	6.826	4.222	4.905	2.554	2.837	2.465	2.246	2.153	49.237	0.181	0.181
na	10.489	71.713	203.027	359.819	444.304	359.828	340.257	251.051	207.3	86.106	82.997	46.356	51.628	57.855	41.267	38.966	43.54	25.073	20.39	25.649	17.162	17.77	19.033	13.758	18.723	11.782	10.84	7.907	4.807	6.756	5.767	3.979	2.654	2.803	2.947	2.454	1.843	1.864	1.24	1.126	48.504	0.106	0.106
na	5.643	46.739	130.468	220.576	385.183	350.903	321.931	366.117	265.223	119.316	82.035	56.763	57.216	45.991	40.297	57.929	68.461	34.121	43.911	16.881	20.511	25.794	14.883	19.553	15.95	11.983	10.392	9.093	7.589	7.075	8.542	4.312	5.068	6.033	2.266	3.315	2.476	1.848	2.515	1.907	47.217	0.127	0.127
na	7.395	81.986	185.194	221.777	183.54	198.106	250.803	396.169	282.939	156.167	78.678	47.662	37.525	36.43	44.233	44.318	38.661	35.273	28.076	22.447	22.636	17.008	21.346	19.156	19.889	10.751	13.379	10.983	7.875	6	5.949	6.583	5.572	3.963	3.356	3.538	3.649	1.847	1.647	1.75	44.643	0.104	0.104
na	9.945	63.325	198.655	219.055	244.52	462.011	450.661	302.636	191.175	102.948	108.004	57.107	47.465	46.442	48.706	41.217	32.797	19.61	20.034	21.591	18.818	17.798	12.565	14.245	9.94	16.907	9.223	6.331	7.668	5.813	7.232	4.02	3.915	2.433	2.423	2.274	2.711	1.688	1.406	1.204	47.443	0.094	0.094
na	5.477	57.969	211.637	198.617	206.205	231.21	280.442	510.274	195.443	97.081	95.08	55.872	52.029	49.199	42.464	46.258	27.807	31.715	24.357	23.642	18.987	15.54	20.018	20.758	18.642	15.182	9.361	13.249	11.16	8.238	7.712	4.018	3.201	3.859	3.587	3.301	2.962	2.83	1.918	1.698	46.297	0.137	0.137
na	7.007	83.7	283.181	277.264	429.168	449.895	356.846	285.362	238.207	147.567	89.066	75.954	49.993	47.602	65.029	46.431	37.025	37.836	24.826	25.562	23.923	14.913	10.591	9.773	11.256	14.198	8.234	6.318	8.085	7.52	7.323	4.904	4.085	4.309	2.665	3.265	3.198	2.748	1.983	1.95	50.965	0.107	0.107
na	6.074	53.128	149.679	278.752	414.349	456.171	544.844	350.135	146.285	103.621	90.602	64.393	55.964	51.245	27.405	39.232	23.149	32.449	25.929	18.909	21.356	10.637	9.564	14.697	9.156	8.775	10.883	5.313	7.686	5.132	4.025	4.46	3.141	2.865	3.144	2.613	2.33	1.542	2.097	1.702	50.101	0.175	0.175
na	10.334	72.657	230.715	331.032	559.412	809.531	257.766	202.511	162.223	119.982	100.921	77.214	47.185	40.546	37.648	30.171	36.935	13.192	25.182	13.408	19.386	15.227	10.977	9.104	10.339	6.869	8.437	6.926	7.108	4.556	4.529	4.006	2.977	2.717	2.059	2.065	2.014	2.811	1.731	1.91	51.305	0.245	0.245
na	6.147	44.819	152.112	347.856	511.653	667.735	381.516	235.576	243.124	132.136	58.792	60.918	40.111	46.76	38.84	19.224	23.499	22.836	17.443	14.058	16.785	13.596	15.446	14.264	10.151	6.688	6.941	7.421	4.871	5.611	3.228	3.963	4.591	3.54	2.266	1.934	1.841	1.112	1.639	1.622	50.974	0.316	0.316
na	13.583	50.507	135.837	218.009	824.966	545.793	277.145	256.295	185.339	103.281	58.516	50.049	64.27	52.379	36.19	19.737	26.857	19.429	19.216	18.857	22.097	11.991	12.479	19.68	7.737	7.626	8.827	5.923	4.889	7.264	4.031	4.069	3.818	3.405	2.628	1.714	2.002	1.182	1.031	1.429	50.066	0.285	0.285
na	11.218	68.127	255.616	281.946	553.661	538.135	263.185	137.765	212.096	185.812	80.096	65.025	80.744	52.862	38.746	25.229	31.438	23.847	15.82	31.284	19.541	15.983	14.594	12.569	13.281	7.087	6.755	6.265	4.697	5.692	4.699	4.596	3.268	2.924	2.163	2.542	1.595	1.198	1.304	1.817	50.276	0.196	0.196
na	6.728	48.961	174.618	235.258	781.501	423.695	308.817	297.413	163.386	175.507	84.649	49.945	59.448	60.682	37.046	28.251	31.894	42.572	27.431	21.335	13.89	10.102	9.223	15.097	10.321	7.84	8.468	5.599	5.589	4.956	4.383	2.974	2.211	2.964	2.031	2.274	1.396	1.213	1.016	0.99	50.367	0.254	0.254
na	13.66	54.416	139.824	275.093	757.224	472.554	271.039	165.866	129.77	138.465	81.976	70.886	50.402	46.851	38.677	37.314	34.233	23.419	19.145	21.265	17.542	15.768	9.4	9.71	10.746	11.181	7.899	6.272	3.823	4.794	4.645	2.848	3.213	3.041	2.106	2.969	1.529	2.435	1.585	1.649	48.971	0.228	0.228
na	21.538	86.665	262.912	288.134	486.409	778.503	242.509	221.477	150.431	129.456	61.05	54.933	33.83	41	36.924	23.852	28.988	20.102	21.532	16.798	16.863	15.386	9.045	7.856	10.281	7.394	6.07	7.34	5.936	4.527	3.628	3.591	3.615	1.817	2.239	2.786	1.699	1.612	1.892	1.144	50.404	0.184	0.184
na	8.273	61.82	357.091	350.957	826.442	519.816	222.427	153.882	115.604	111.388	61.23	81.762	53.855	40.69	48.878	23.763	27.699	26.314	31.837	16.215	15.866	12.143	10.142	14.158	9.066	9.704	9.769	6.854	4.871	3.937	4.997	3.372	3.609	2.462	2.863	2.723	2.528	1.85	1.377	1.24	50.853	0.116	0.116
na	7.987	48.263	148.113	314.855	717.93	556.466	288.717	187.492	131.533	105.953	93.572	54.177	41.465	52.513	38.903	29.749	18.67	28.696	26.689	18.332	18.921	15.228	14.592	12.234	12.092	7.866	7.338	6.71	4.353	4.693	2.893	5.146	2.703	2.252	2.309	2.188	2.376	1.32	0.919	0.791	49.961	0.109	0.109
na	16.438	77.104	244.221	469.017	502.246	666.209	373.334	219.094	152.752	102.48	103.275	71.784	48.737	37.674	33.688	27.818	27.731	30.917	21.248	20.398	17.146	15.744	13.209	11.463	8.207	11.108	4.754	6.119	6.835	4.619	3.874	3.966	3.297	2.831	2.312	2.753	1.565	2.35	1.463	1.267	52.232	0.105	0.105
na	12.898	113.173	311.89	676.756	682.622	356.906	360.834	151.606	136.374	70.764	76.34	69.587	41.87	39.856	28.746	31.885	30.593	35.099	22.113	22.031	17.358	16.995	8.657	9.865	9.699	8.178	6.733	6.619	4.114	4.491	5.665	3.546	3.834	2.559	2.657	1.555	1.726	0.795	1.028	1.197	51.682	0.114	0.114
na	14.25	80.956	339.568	538.085	378.884	395.386	351.391	161.771	117.183	82.47	64.106	35.916	56.519	41.638	28.888	36.273	18.266	25.223	19.591	19.773	17.983	14.347	10.282	11.739	7.365	6.757	6.569	5.177	3.893	6.815	2.829	3.016	2.53	2.783	2.629	1.391	1.588	1.054	1.347	1.164	48.389	0.132	0.132
na	10.176	65.67	260.926	397.543	502.649	285.468	333.949	149.262	76.688	54.286	52.207	45.657	30.995	41.555	36.199	23.579	25.521	22.155	24.378	15.994	20.998	13.284	12.042	9.346	10.064	5.803	7.907	7.433	3.755	4.49	4.325	3.344	2.628	2.356	2.602	1.17	2.075	1.664	1.461	1.338	45.184	0.152	0.152
na	11.93	78.956	248.202	351.532	521.522	347.609	241.245	277.666	136.416	88.336	36.921	44.498	49.625	41.148	32.853	37.215	25.517	22.18	19.537	23.536	22.66	15.437	11.449	13.405	10.95	11.43	6.959	6.147	5.312	4.421	5.565	5.105	4.544	3.319	2.639	2.446	2.042	2.911	1.378	1.83	46.420	0.223	0.223
na	5.167	36.971	182.908	229.397	654.917	356.631	268.09	174.41	143.076	96.446	64.725	60.319	42.041	38.458	46.179	22.34	22.694	13.234	15.76	18.87	16.696	11.92	11.855	11.02	10.561	9.092	8.66	6.834	6.657	6	4.54	3.701	3.816	2.34	2.145	2.064	2.269	1.808	1.205	1.061	46.167	0.178	0.178
na	8.517	51.577	144.929	190.694	805.327	419.928	339.563	137.889	173.679	101.777	48.813	67.65	37.883	34.809	41.771	31.217	25.943	26.221	19.882	15.208	24.993	12.117	7.719	9.542	12.12	5.877	7.775	6.702	2.673	5.631	2.672	3.611	3.712	2.309	1.919	2.212	1.355	1.456	0.931	1.046	48.559	0.163	0.163
na	13.979	50.378	193.663	191.151	628.82	462.196	271.651	171.259	197.14	138.754	76.89	40.8	51.163	33.156	28.852	32.398	22.951	18.327	16.333	24.602	19.259	10.187	14.361	8.285	12.13	6.352	6.887	6.599	3.771	6.05	3.68	3.184	4.116	2.897	1.939	2.431	1.613	2.161	1.523	1.461	46.871	0.149	0.149
na	13.572	56.801	204.72	168.182	597.39	397.959	289.324	154.397	182.027	147.163	88.629	56.428	59.212	44.353	46.237	28.175	22.634	23.386	23.158	17.865	17.035	14.766	13.068	10.786	11.041	7.854	4.827	4.707	4.421	3.342	3.231	3.594	3.395	2.636	2.888	2.814	2.188	1.986	1.596	1.447	46.291	0.161	0.161
na	6.945	57.834	156.889	270.625	430.164	526.366	194.305	181.858	176.852	109.298	72.492	63.328	43.92	48.274	38.8	38.41	33.326	21.48	12.764	22.264	14.476	13.966	12.892	11.222	10.547	6.508	4.521	6.884	6.147	5.983	4.53	3.457	2.733	1.996	1.828	2.692	1.491	2.093	1.469	1.207	46.099	0.136	0.136
na	7.88	43.75	182.853	214.136	540.916	608.877	460.593	168.377	213.95	140.928	97.46	80.494	73.257	54.15	46.17	27.454	35.89	28.441	25.749	25.853	12.23	13.353	12.531	12.126	11.488	8.619	8.053	6.542	5.128	4.674	4.541	3.828	3.456	2.494	2.68	2.604	2.792	1.68	1.464	1.413	51.045	0.162	0.162
na	8.143	56.388	285.71	222.483	446.546	560.241	224.815	281.226	184.196	111.91	52.604	73.561	77.85	59.823	40.197	34.548	31.529	47.393	13.302	21.785	18.013	16.418	19.642	14.202	7.346	8.832	5.611	5.973	6.125	4.673	3.447	3.681	3.402	2.419	2.746	1.917	1.484	2.485	1.494	1.172	49.393	0.163	0.163
na	9.616	86.296	199.815	320.541	405.933	659.192	242.557	174.917	202.492	97.658	107.114	73.479	64.91	56.241	48.736	20.797	27.044	25.867	31.688	21.236	20.93	12.691	14.826	11.809	10.56	6.782	5.253	6.481	3.429	4.714	3.184	3.215	2.941	3.023	3.221	2.381	1.59	1.418	1.689	1.38	48.459	0.132	0.132
na	33.385	174.616	243.483	250.422	435.84	483.634	196.726	221.766	156.974	102.814	90.406	97.053	72.481	39.636	35.303	27.819	32.169	19.072	19.03	23.577	12.223	19.982	8.429	11.6	8.636	6.325	6.691	5.514	4.473	3.477	4.296	3.433	2.61	2.368	1.903	1.728	1.88	1.033	1.2	1.165	47.326	0.160	0.160
na	5.772	55.452	167.841	162.123	543.602	465.627	258.211	176.09	146.392	122.142	65.664	43.662	63.851	38.101	28.506	33.061	26.997	22.863	18.73	24.175	23.69	14.655	14.017	19.471	9.284	8.391	7.422	6.85	6.432	4.868	3.871	3.729	4.127	3.611	2.14	2.845	2.121	1.408	1.379	1.069	45.942	0.138	0.138
na	11.39	54.653	112.877	165.531	734.554	427.995	211.647	133.711	154.514	100.246	42.056	47.576	60.52	48.268	37.112	27.208	23.987	14.934	22.904	20.158	18.778	14.259	12.732	11.646	10.308	7.393	8.697	6.509	4.117	3.69	3.408	2.412	3.218	1.906	2.88	1.932	1.816	1.563	1.406	0.797	45.161	0.159	0.159
na	22.005	143.97	222.514	322.148	561.872	439.687	279.09	187.132	242.269	119.029	102.697	70.701	43.702	52.66	49.745	38.83	27.313	42.758	24.71	23.299	22.06	16.968	21.337	11.064	6.537	6.774	7.711	6.99	4.74	2.73	4.377	3.181	3.877	2.012	2.741	2.311	1.537	1.774	1.739	0.807	49.603	0.182	0.182
na	7.892	47.419	151.969	261.686	794.342	398.524	327.466	186.267	216.49	94.198	66.066	82.91	57.246	40.846	34.342	37.552	23.292	21.158	21.112	14.778	23.343	14.306	12.466	13.051	12.387	9.623	5.5	6.283	3.351	3.696	5.145	4.153	3.617	2.718	3.214	1.878	1.951	1.225	1.472	1.454	49.369	0.148	0.148
na	7.934	47.175	101.329	195.192	598.787	394.698	343.184	182.365	161.765	104.364	73.141	59.486	78.326	55.926	29.227	30.502	31.971	19.831	16.483	27.399	14.753	13.705	10.07	9.069	10.883	10.295	7.977	7.715	6.252	5.239	4.519	3.633	3.992	3.023	2.372	1.638	2.273	1.722	1.447	1.296	46.289	0.147	0.147
na	6.405	51.394	210.53	256.359	576.429	358.521	282.946	221.011	167.267	123.573	72.496	61.626	49.792	37.681	50.309	26.584	15.488	22.074	20.105	12.617	15.935	13.527	15.189	9.252	11.407	10.904	4.914	6.817	2.891	3.946	4.916	4.131	3.16	2.592	2.579	2.385	1.896	1.703	1.214	1.147	46.516	0.170	0.170
na	9.641	59.06	162.054	204.845	420.111	559.505	299.393	152.004	198.694	135.108	54.269	57.853	44.502	55.469	47.101	47.875	32.584	29.826	22.957	16.216	18.744	19.8	12.729	11.836	9.837	8.862	7.766	10.334	5.854	5.328	5.629	7.755	3.858	2.642	3.575	2.727	1.849	2.483	2.32	1.219	47.203	0.142	0.142
na	9.353	59.81	275.684	185.572	229.5	469.957	317.641	339.031	116.089	95.762	76.112	59.179	53.696	59.772	55.276	53.024	38.621	24.228	33.193	24.693	25.241	15.943	13.653	21.204	11.565	11.956	12.839	8.37	9.195	8.621	6.851	5.146	5.24	4.174	2.981	3.973	2.22	2.761	1.551	1.89	46.432	0.112	0.112
na	8.998	59.217	258.54	230.65	444.401	462.327	305.782	396.98	242.185	96.391	85.896	83.04	44.572	41.456	60.747	45.08	32.689	26.821	25.57	21.463	18.198	19.73	16.492	13.59	13.951	9.012	9.948	10.674	8.721	8.301	5.718	4.746	5.77	4.114	3.393	3.093	2.554	1.831	1.623	1.874	50.003	0.098	0.098
na	7.536	68.937	136.643	283.09	149.134	191.438	382.223	516.38	268.551	136.229	67.398	69.254	44.43	41.823	38.757	51.376	45.668	39.731	19.346	35.902	27.858	27.434	20.608	16.182	13.879	15.867	19.217	12.958	6.151	6.226	4.729	5.159	4.539	4.121	4.076	3.225	3.715	2.915	1.547	1.451	47.377	0.152	0.152
na	10.815	64.174	230.565	277.933	318.715	385.778	515.105	268.078	144.169	80.182	109.164	80.144	53.385	32.779	42.103	39.448	41.557	25.104	18.959	23.845	19.545	18.1	13.853	14.81	8.123	14.682	8.369	5.758	6.098	4.386	5.364	6.078	2.744	3.136	2.79	3.103	3.108	2.62	2.251	1.618	48.595	0.070	0.070
na	7.216	54.29	242.361	332.554	602.8	344.855	380.183	235.471	215.725	151.641	94.994	73.359	67.948	81.347	45.472	27.969	20.617	21.524	37.659	21.343	15.201	21.286	14.293	17.678	12.335	8.93	5.924	9.12	6.287	6.057	4.587	5.451	5.14	3.664	3.141	2.591	3.211	2.936	1.802	1.423	51.296	0.067	0.067
na	12.87	74.481	216.678	324.506	615.776	271.936	301.342	268.483	195.104	77.284	80.366	87.559	47.625	60.778	41.984	43.718	39.224	31.59	30.595	17.076	18.998	23.217	20.404	15.82	15.629	9.593	8.341	8.46	5.187	4.544	4.77	3.302	4.379	2.97	2.698	2.669	2.434	1.329	1.689	1.159	49.210	0.066	0.066
na	7.702	49.783	167.124	380.572	317.889	276.911	358.709	387.151	353.488	205.447	93.211	56.538	71.088	76.374	69.542	57.045	88.486	28.483	27.719	26.45	25.308	23.344	24.167	15.918	16.694	18.383	11.724	12.674	8.194	9.25	5.517	6.234	5.846	4.966	4.363	3.458	3.913	2.576	1.938	2.157	51.091	0.123	0.123
na	4.141	62.994	117.931	346.187	387.567	401.642	336.935	381.771	404.486	124.952	130.987	96.796	51.291	54.849	59.722	43.813	49.522	38.744	30.767	28.387	25.866	22.863	23.558	14.115	14.01	16.371	15.376	9.84	9.102	6.53	6.409	5.777	5.623	5.055	2.47	3.55	3.209	1.931	1.61	2.226	51.549	0.115	0.115
na	8.728	51.297	148.676	150.284	264.502	279.055	426.664	462.495	433.421	77.386	80.981	53.053	52.682	35.566	62.609	47.959	58.432	31.231	33.839	24.863	32.9	24.202	30.512	14.397	15.509	16.209	15.102	10.949	13.94	7.073	5.748	4.792	5.855	5.639	4.986	2.914	3.471	2.113	2.275	1.775	49.372	0.137	0.137
na	19.263	146.788	488.152	200.59	243.91	254.135	299.408	463.928	369.589	152.59	113.87	76.186	67.723	57.837	30.067	53.437	65.4	34.243	25.896	16.972	23.573	26.033	17.886	19.915	23.996	14.143	13.329	10.377	5.953	6.353	5.474	6.072	3.936	4.581	2.467	3.427	2.789	1.915	2.307	1.84	52.220	0.133	0.133
na	8.903	58.689	330.956	264.892	275.324	420.981	413.691	563.016	249.423	139.006	59.966	48.24	46.827	42.167	35.665	41.231	83.341	31.747	30.214	17.353	32.311	15.485	15.249	13.933	24.206	14.713	12.577	15.838	9.963	6.979	8.851	6.655	6.841	4.295	5.968	3.891	3.849	2.93	1.323	1.95	52.029	0.124	0.124
na	12.253	100.323	287.387	367.157	346.726	352.814	525.257	509.503	404.833	105.86	105.003	58.239	49.655	76.115	55.645	55.22	103.675	31.648	19.883	29.334	23.168	20.236	24.015	29.01	29.405	8.533	9.39	5.693	6.402	7.765	6.525	8.991	6.507	4.242	3.234	2.392	1.385	1.982	1.37	2.236	55.214	0.109	0.109
na	11.494	103.084	259.376	291.122	315.358	313.975	348.485	578.379	294.228	121.473	92.083	87.738	52.032	54.083	44.001	38.505	89.963	28.853	31.853	22.025	23.757	25.8	19.705	26.076	27.829	14.719	21.482	20.284	10.82	14.024	4.546	6.718	8.317	4.729	5.146	4.605	2.943	1.647	2.466	1.792	52.872	0.140	0.140
na	15.633	101.496	303.986	288.792	212.85	386.513	409.516	560.547	496.21	128.208	85.797	50.246	63.331	35.966	43.779	46.552	98.528	30.518	41.684	34.885	30.835	21.695	18.181	26	25.778	12.043	13.066	11.442	7.221	8.852	4.253	8.168	6.512	6.385	4.278	3.697	3.24	2.146	2.196	1.861	54.684	0.151	0.151
na	10.849	74.185	259.11	423.785	406.386	431.023	344.809	323.769	261.458	103.012	71.918	71.763	53.042	50.051	69.26	39.282	68.372	24.299	38.042	24.437	27.489	17.72	25.984	10.936	22.716	14.872	15.737	6.755	11.514	5.408	7.895	6.342	8.922	3.709	2.728	3.054	3.038	1.778	3.133	1.319	51.861	0.109	0.109
na	7.284	65.564	218.593	255.25	326.015	275.877	407.604	468.498	462.885	174.429	85.872	81.625	81.832	39.768	37.116	47.814	58.137	32.098	23.963	33.278	28.181	19.984	19.962	20.566	23.195	13.664	12.266	10.623	8.865	11.696	9.49	5.187	6.33	4.308	3.714	2.981	3.75	2.281	2.603	2.237	52.355	0.115	0.115
na	5.568	62.521	266.605	339.568	369.573	447.011	377.349	602.174	296.823	163.711	57.614	60.559	71.825	60.515	34.157	34.765	68.984	28.517	25.869	16.854	20.114	23.441	17.695	11.714	18.269	12.148	12.988	12.84	9.939	6.31	6.488	4.44	5.512	5.801	4.345	3.483	2.569	2.405	2.099	2.393	53.459	0.132	0.132
na	20.336	123.047	217.263	343.073	452.377	503.388	479.129	394.396	299.449	106.403	73.663	48.965	50.923	52.251	44.196	31.052	48.558	22.31	34.806	31.606	19.098	29.501	19.087	23.237	19.893	14.972	9.84	8.237	6.515	5.88	10.725	3.769	4.663	5.006	3.546	3.193	3.001	1.702	1.91	1.944	54.073	0.136	0.136
na	12.993	90.095	249.098	324.736	403.039	478.377	429.16	295.499	164.475	72.837	65.207	67.619	60.26	47.797	35.525	42.137	58.362	21.7	26.179	29.203	19.133	19.147	17.987	15.688	16.719	9.009	9.297	9.835	8.213	6.237	6.468	7.269	4.176	3.308	2.994	2.853	1.621	2.228	1.907	1.822	50.562	0.097	0.097
na	13.163	71.953	243.236	596.325	761.67	605.793	425.894	208.749	166.877	139.65	105.735	79.538	49.032	48.186	70.119	31.964	70.183	27.112	27.549	18.626	19.565	15.782	16.955	19.463	10.97	16.939	12.125	9.279	7.571	4.441	4.034	6.144	5.244	3.68	2.466	1.946	2.991	1.714	1.442	2.011	56.485	0.085	0.085
na	18.591	93.167	174.774	637.389	582.336	344.079	395.297	404.597	277.599	103.327	86.091	50.902	96.425	64.515	48.419	45.094	66.133	32.884	30.051	25.912	22.969	17.635	14.054	16.678	20.234	11.661	11.317	6.359	6.241	5.449	5.917	5.253	5.521	4.916	3.301	3.209	2.048	2.274	1.886	1.924	54.721	0.077	0.077
na	13.113	85.93	360.192	245.289	523.012	445.723	419.95	304.559	224.725	91.283	63.88	72.119	57.643	56.085	45.009	56.248	86.906	34.524	32.386	31.785	32.316	21.976	15.296	20.649	19.373	17.075	10.768	9.342	7.729	6.927	7.575	8.458	5.983	5.386	3.787	4.189	3.663	2.089	2.111	1.799	53.101	0.140	0.140
na	10.984	62.424	308.633	574.57	569.212	532.101	386.104	245.666	272.916	98.203	75.499	86.7	68.425	57.555	46.979	34.446	96.094	39.939	30.585	22.449	13.249	21.271	15.915	19.421	27.774	16.796	12.511	13.071	7.715	5.248	5.252	5.107	8.184	5.427	3.483	3.225	2.304	1.937	2.308	2.036	55.025	0.094	0.094
na	18.73	100.722	218.959	578.763	333.214	613.896	308.853	262.24	197.387	112.21	145.067	109.34	35.753	47.719	46.883	60.165	54.241	44.266	29.932	22.862	20.593	21.109	14.332	16.756	18.74	12.649	9.501	6.853	7.718	5.821	4.144	6.103	5.186	4.549	3.168	3.213	2.061	2.26	1.633	1.162	53.085	0.097	0.097
na	11.13	66.343	183.87	364.706	477.018	422.875	275.481	228.017	267.885	126.823	95.208	66.882	72.879	44.037	36.509	35.373	37.659	35.765	31.615	16.769	38.254	19.171	8.267	11.555	11.27	8.033	10.494	8.205	8.203	6.056	6.19	4.205	2.493	3.254	2.622	2.059	2.201	1.73	2.879	0.973	49.805	0.102	0.102
na	7.814	71.653	265.032	329.35	385.289	366.318	317.943	247.358	273.783	87.922	75.31	36.417	40.436	48.461	36.784	38.396	52.032	28.557	28.788	30.254	29.794	15.92	18.251	19.019	10.105	10.83	13.14	8.888	6.227	7.074	7.236	6.128	3.396	4.113	4.034	3.011	3.069	2.289	2.406	1.723	48.749	0.170	0.170
