39
Wake
9.416293	77.866190	196.837686	205.924707	222.817032	192.196275	134.969442	90.897313	74.833216	54.491274	47.224248	41.680961	39.316054	35.858360	29.127322	29.584701	24.504456	22.863503	19.852343	18.747439	16.267053	14.538826	12.692073	12.846893	11.175239	8.593629	8.811658	7.164153	6.744043	5.380435	5.158573	4.449477	4.136021	3.632128	3.174120	3.164802	2.396336	2.208261	1.772288	
4.434760	40.231850	127.964211	167.061782	147.436551	158.045679	116.605044	73.026611	59.149079	45.321101	34.517108	31.965690	30.107661	24.570003	23.991137	22.573709	20.548138	18.956052	15.953447	16.780139	13.615180	13.190036	10.551511	10.483563	9.569114	7.426149	6.949926	5.575038	4.786098	4.425108	4.190212	3.998863	3.131549	2.841160	2.293303	2.479371	2.079228	1.729856	1.444549	
51.945072	729.070307	424.188815	328.800050	289.986511	210.263645	190.482774	111.270994	86.755494	69.501024	55.590414	58.769668	46.253076	43.495606	39.799434	35.243865	31.390660	25.743871	22.971842	22.121142	18.940307	15.768203	14.678507	14.321108	12.916758	10.748699	9.683745	8.476761	7.286628	6.817964	6.002047	5.036630	4.639488	4.319847	4.018456	3.386352	2.899017	2.686538	2.314287	
SW
72.741889	637.839365	1475.559766	1336.855595	880.745972	635.557347	472.984111	384.504879	323.635262	258.715858	206.445347	169.637062	157.362661	112.597333	89.348013	86.839692	67.614337	44.922491	47.252598	34.910841	30.900406	27.323482	22.474992	18.512115	15.659149	13.365505	11.013890	9.862388	8.227203	7.200906	6.005056	4.740107	4.220292	3.728505	3.455112	2.958764	2.550757	2.309337	2.008390	
36.629551	361.940674	931.994357	732.151876	558.970827	378.286666	315.416700	231.663767	229.036070	180.241665	123.884486	100.201571	93.650116	72.751122	60.245670	49.072995	47.263898	32.651489	33.370454	23.502363	19.626935	17.667631	14.383005	13.665699	11.686201	9.666618	8.667273	7.710683	5.853725	4.712358	4.796319	3.672875	3.420895	3.104122	2.620737	2.328209	1.966871	1.789758	1.364622	
207.917841	1330.058664	2850.157334	1992.358397	1245.667001	876.625719	715.200400	567.147889	498.103172	401.248276	342.874969	330.673544	275.397031	207.705142	155.601958	119.142485	129.666379	101.199001	71.769587	53.163795	44.509217	36.962347	33.685040	33.645058	22.434247	20.368320	17.174126	13.789280	11.795444	8.705818	7.610166	7.362436	5.980434	5.141519	4.875559	3.645669	4.025494	3.107749	2.465321	
REM
84.168723	536.284240	676.033548	630.431928	497.068436	598.879116	787.307746	427.576163	264.722349	224.578401	211.796716	146.804221	138.966048	77.565672	102.515215	63.271505	60.927255	45.842090	46.914640	30.564301	24.171989	24.693236	21.851264	17.123454	15.712981	11.632613	10.425142	7.974194	7.096896	5.893686	5.566279	3.655187	4.789297	3.591997	3.120335	2.592153	2.506967	2.166091	2.318313	
8.209466	52.178258	192.311968	240.523826	271.242981	345.465448	519.398019	211.183709	136.152979	91.968632	69.460867	70.632726	77.163034	52.859164	43.342031	45.456480	34.337732	32.039603	19.621885	25.090660	18.138755	17.744592	18.136617	11.419392	8.786917	7.925547	7.044508	5.471840	5.239532	3.394038	4.130288	2.807849	3.947868	2.857367	2.505827	1.881855	1.940311	1.339942	1.238815	
90.491959	999.723390	1509.660092	1275.285736	844.383534	898.584685	1129.072800	467.843401	328.588570	265.351941	218.077405	199.327604	245.945189	131.042722	126.198501	91.448692	98.148079	61.343470	74.306188	58.586908	45.262896	34.839244	27.582742	36.959765	19.529603	18.351977	12.671091	10.037783	10.375828	7.856906	6.651548	5.745910	6.369731	5.350145	5.565561	3.846775	3.344708	3.192565	2.537342	
max sw motion:	
max rem motion:	
max rem motion:	
tag: pw
